time(s),S1,S2,S3,S4,S5,S6,S7,S8,S9,S10,Temp,Humid
0.0,860.5975,610.37,1584.625,1609.59125,2018.49375,1878.6375,1075.375,1106.08125,2481.5,1625.75,33.8,52.25
0.1,860.48625,610.37,1584.625,1609.48125,2018.43125,1878.57,1075.375,1106.08125,2481.375,1625.625,33.77,52.22
0.2,860.48625,610.37,1584.625,1609.37125,2018.3675,1878.5025,1075.375,1105.87125,2481.25,1625.5,33.78,52.23
0.3,860.375,610.245,1584.625,1609.2625,2018.305,1878.435,1075.375,1105.66,2481.25,1625.5,33.78,52.18
0.4,860.26375,610.245,1584.5,1609.1525,2018.2425,1878.435,1075.375,1105.66,2481.25,1625.5,33.8,52.24
0.5,860.15125,610.12,1584.5,1609.0425,2018.17875,1878.36875,1075.375,1105.44875,2481.125,1625.375,33.8,52.21
0.6,860.04,610.12,1584.5,1609.0425,2018.11625,1878.36875,1075.25,1105.2375,2481.125,1625.25,33.81,52.2
0.7,860.04,609.995,1584.5,1608.9325,2018.05375,1878.30125,1075.25,1105.2375,2481,1625.25,33.8,52.19
0.8,860.04,609.995,1584.5,1608.82375,2017.99,1878.23375,1075.25,1105.0275,2481,1625.125,33.8,52.2
0.9,859.8175,609.995,1584.5,1608.71375,2017.9275,1878.16625,1075.25,1104.81625,2480.875,1625.125,33.83,52.13
1.0,859.8175,609.995,1584.5,1608.49375,2017.865,1878.16625,1075.25,1104.81625,2480.875,1625,33.81,52.12
1.1,859.705,609.87,1584.5,1608.49375,2017.80125,1878.09875,1075.25,1104.605,2480.875,1625,33.81,52.15
1.2,859.59375,609.87,1584.5,1608.385,2017.73875,1878.09875,1075.25,1104.39375,2480.75,1624.75,33.83,52.14
1.3,859.59375,609.745,1584.5,1608.275,2017.67625,1878.03125,1075.125,1104.39375,2480.625,1624.75,33.83,52.13
1.4,859.4825,609.745,1584.5,1608.275,2017.6125,1878.03125,1075.125,1104.18375,2480.625,1624.75,33.81,52.11
1.5,859.37125,609.745,1584.5,1608.05625,2017.55,1877.96375,1075.125,1103.76125,2480.5,1624.625,33.8,52.11
1.6,859.25875,609.62,1584.5,1607.94625,2017.4875,1877.96375,1075.125,1103.76125,2480.5,1624.625,33.83,52.07
1.7,859.25875,609.62,1584.5,1607.94625,2017.42375,1877.89625,1075,1103.55,2480.375,1624.5,33.8,52.07
1.8,859.25875,609.62,1584.5,1607.83625,2017.36125,1877.89625,1075,1103.34,2480.375,1624.5,33.81,52.07
1.9,859.1475,609.62,1584.5,1607.72625,2017.29875,1877.82875,1075,1103.34,2480.25,1624.375,33.78,52.08
2.0,859.03625,609.62,1584.5,1607.6175,2017.235,1877.82875,1075,1103.12875,2480.25,1624.375,33.83,52.06
2.1,859.03625,609.495,1584.375,1607.5075,2017.235,1877.82875,1075,1102.9175,2480.25,1624.25,33.81,52.06
2.2,858.92375,609.495,1584.375,1607.5075,2017.1725,1877.7625,1075,1102.70625,2480.125,1624.25,33.8,52.06
2.3,858.8125,609.37,1584.375,1607.3975,2017.11,1877.695,1075,1102.49625,2480.125,1624.125,33.8,52
2.4,858.70125,609.37,1584.375,1607.2875,2017.04625,1877.7625,1075,1102.49625,2480.125,1624.125,33.81,52.01
2.5,858.70125,609.37,1584.375,1607.17875,2016.98375,1877.695,1075,1102.285,2480,1624,33.81,52.01
2.6,858.59,609.37,1584.375,1607.17875,2016.92125,1877.6275,1075,1102.285,2480,1624,33.81,52.02
2.7,858.4775,609.37,1584.375,1607.06875,2016.92125,1877.6275,1074.875,1102.07375,2480,1623.875,33.81,52.02
2.8,858.4775,609.24625,1584.375,1606.95875,2016.8575,1877.6275,1074.875,1102.07375,2479.875,1623.875,33.83,52
2.9,858.4775,609.24625,1584.375,1606.84875,2016.795,1877.6275,1074.875,1102.07375,2479.875,1623.75,33.81,52.01
3.0,858.36625,609.24625,1584.375,1606.74,2016.795,1877.56,1074.875,1101.8625,2479.75,1623.75,33.83,51.96
3.1,858.255,609.24625,1584.375,1606.63,2016.7325,1877.56,1074.875,1101.65125,2479.75,1623.625,33.81,51.97
3.2,858.255,609.24625,1584.375,1606.63,2016.66875,1877.56,1074.875,1101.65125,2479.75,1623.625,33.81,51.93
3.3,858.14375,609.12125,1584.375,1606.52,2016.66875,1877.4925,1074.875,1101.44125,2479.625,1623.625,33.84,51.95
3.4,858.14375,609.12125,1584.375,1606.52,2016.60625,1877.4925,1074.75,1101.44125,2479.625,1623.5,33.81,51.93
3.5,858.0325,609.12125,1584.375,1606.41125,2016.54375,1877.4925,1074.875,1101.23,2479.5,1623.5,33.83,51.93
3.6,857.92,609.12125,1584.375,1606.30125,2016.54375,1877.4925,1074.75,1101.23,2479.5,1623.375,33.83,51.91
3.7,857.80875,609.12125,1584.375,1606.19125,2016.48,1877.4925,1074.875,1101.01875,2479.5,1623.375,33.8,51.92
3.8,857.80875,608.99625,1584.375,1606.19125,2016.48,1877.4925,1074.75,1100.8075,2479.5,1623.375,33.81,51.91
3.9,857.80875,608.99625,1584.375,1606.08125,2016.4175,1877.425,1074.75,1100.8075,2479.375,1623.375,33.83,51.92
4.0,857.6975,608.99625,1584.375,1605.9725,2016.4175,1877.425,1074.75,1100.5975,2479.375,1623.25,33.8,51.9
4.1,857.585,608.99625,1584.375,1605.8625,2016.35375,1877.425,1074.75,1100.5975,2479.375,1623.25,33.83,51.88
4.2,857.585,608.99625,1584.25,1605.8625,2016.29125,1877.425,1074.875,1100.5975,2479.25,1623.125,33.81,51.89
4.3,857.47375,608.87125,1584.375,1605.7525,2016.29125,1877.425,1074.75,1100.38625,2479.375,1623.125,33.81,51.88
4.4,857.47375,608.87125,1584.25,1605.7525,2016.22875,1877.3575,1074.75,1100.175,2479.25,1623.125,33.83,51.87
4.5,857.3625,608.87125,1584.25,1605.6425,2016.16625,1877.3575,1074.75,1099.96375,2479.125,1623,33.83,51.91
4.6,857.3625,608.87125,1584.25,1605.53375,2016.16625,1877.3575,1074.75,1099.96375,2479.125,1623,33.8,51.88
4.7,857.25125,608.74625,1584.25,1605.53375,2016.1025,1877.3575,1074.75,1099.75375,2479.125,1623,33.83,51.88
4.8,857.25125,608.74625,1584.25,1605.42375,2016.1025,1877.3575,1074.75,1099.5425,2479.125,1622.875,33.85,51.86
4.9,857.13875,608.74625,1584.25,1605.42375,2016.04,1877.3575,1074.75,1099.5425,2479,1622.875,33.85,51.9
5.0,857.13875,608.74625,1584.25,1605.31375,2015.97625,1877.29,1074.625,1099.5425,2479.125,1622.875,33.84,51.87
5.1,857.0275,608.74625,1584.25,1605.205,2015.97625,1877.3575,1074.625,1099.33125,2479,1622.75,33.81,51.85
5.2,856.91625,608.62125,1584.375,1605.205,2015.97625,1877.29,1074.625,1099.33125,2479,1622.75,33.83,51.88
5.3,856.91625,608.62125,1584.375,1605.095,2015.91375,1877.29,1074.625,1099.12,2478.875,1622.75,33.81,51.86
5.4,856.805,608.62125,1584.375,1604.985,2015.91375,1877.29,1074.625,1099.12,2479,1622.75,33.81,51.86
5.5,856.805,608.62125,1584.375,1604.875,2015.85125,1877.29,1074.625,1099.12,2478.875,1622.625,33.83,51.84
5.6,856.6925,608.62125,1584.25,1604.875,2015.85125,1877.29,1074.625,1098.69875,2478.875,1622.625,33.83,51.85
5.7,856.6925,608.49625,1584.25,1604.875,2015.7875,1877.29,1074.625,1098.69875,2478.875,1622.625,33.83,51.82
5.8,856.6925,608.49625,1584.375,1604.76625,2015.7875,1877.29,1074.75,1098.69875,2478.875,1622.625,33.83,51.82
5.9,856.47,608.49625,1584.375,1604.76625,2015.7875,1877.29,1074.625,1098.4875,2478.75,1622.5,33.83,51.87
6.0,856.47,608.49625,1584.25,1604.65625,2015.725,1877.29,1074.625,1098.4875,2478.75,1622.5,33.83,51.83
6.1,856.47,608.49625,1584.25,1604.54625,2015.725,1877.29,1074.75,1098.27625,2478.75,1622.5,33.81,51.81
6.2,856.35875,608.37125,1584.375,1604.54625,2015.6625,1877.29,1074.625,1098.27625,2478.75,1622.375,33.81,51.83
6.3,856.24625,608.37125,1584.25,1604.43625,2015.6625,1877.29,1074.625,1098.27625,2478.625,1622.375,33.8,51.83
6.4,856.24625,608.37125,1584.25,1604.43625,2015.6625,1877.29,1074.5,1098.06625,2478.625,1622.375,33.84,51.84
6.5,856.24625,608.37125,1584.375,1604.3275,2015.59875,1877.29,1074.625,1097.855,2478.625,1622.375,33.83,51.83
6.6,856.135,608.24625,1584.375,1604.2175,2015.53625,1877.29,1074.625,1097.855,2478.625,1622.375,33.83,51.83
6.7,856.135,608.24625,1584.375,1604.2175,2015.53625,1877.29,1074.5,1097.855,2478.5,1622.25,33.84,51.8
6.8,856.02375,608.24625,1584.25,1604.1075,2015.53625,1877.29,1074.625,1097.64375,2478.5,1622.25,33.81,51.8
6.9,856.02375,608.24625,1584.375,1604.1075,2015.53625,1877.29,1074.625,1097.4325,2478.5,1622.125,33.81,51.84
7.0,856.02375,608.12125,1584.25,1603.99875,2015.47375,1877.29,1074.625,1097.4325,2478.5,1622.25,33.84,51.82
7.1,855.8,608.12125,1584.375,1603.99875,2015.41,1877.29,1074.625,1097.2225,2478.5,1622.125,33.83,51.83
7.2,855.8,608.12125,1584.375,1603.88875,2015.41,1877.29,1074.5,1097.2225,2478.375,1622.125,33.8,51.83
7.3,855.8,608.12125,1584.25,1603.88875,2015.41,1877.3575,1074.5,1097.2225,2478.375,1622.125,33.8,51.81
7.4,855.68875,608.12125,1584.25,1603.77875,2015.41,1877.29,1074.5,1097.01125,2478.375,1622,33.83,51.83
7.5,855.68875,608.12125,1584.375,1603.77875,2015.41,1877.29,1074.625,1096.8,2478.25,1622,33.83,51.83
7.6,855.5775,607.99625,1584.25,1603.66875,2015.3475,1877.29,1074.5,1096.8,2478.25,1621.875,33.84,51.76
7.7,855.46625,607.99625,1584.25,1603.66875,2015.3475,1877.29,1074.5,1096.58875,2478.25,1622,33.83,51.79
7.8,855.46625,607.99625,1584.25,1603.56,2015.3475,1877.3575,1074.625,1096.37875,2478.25,1621.875,33.84,51.79
7.9,855.35375,607.99625,1584.25,1603.56,2015.285,1877.3575,1074.5,1096.37875,2478.25,1621.875,33.84,51.79
8.0,855.35375,607.87125,1584.25,1603.56,2015.285,1877.3575,1074.5,1096.37875,2478.25,1621.875,33.83,51.79
8.1,855.35375,607.87125,1584.25,1603.45,2015.22125,1877.3575,1074.5,1096.1675,2478.125,1621.875,33.8,51.77
8.2,855.2425,607.87125,1584.25,1603.34,2015.285,1877.3575,1074.5,1096.1675,2478.125,1621.875,33.83,51.78
8.3,855.2425,607.87125,1584.25,1603.34,2015.22125,1877.3575,1074.5,1095.95625,2478.125,1621.875,33.84,51.79
8.4,855.13125,607.74625,1584.25,1603.23,2015.22125,1877.3575,1074.5,1095.95625,2478.125,1621.875,33.83,51.76
8.5,855.13125,607.87125,1584.375,1603.23,2015.22125,1877.3575,1074.5,1095.745,2478.125,1621.75,33.83,51.78
8.6,855.13125,607.74625,1584.25,1603.23,2015.15875,1877.3575,1074.5,1095.745,2478,1621.75,33.81,51.8
8.7,855.02,607.74625,1584.25,1603.12125,2015.15875,1877.3575,1074.5,1095.535,2478,1621.75,33.83,51.78
8.8,854.9075,607.74625,1584.25,1603.12125,2015.15875,1877.3575,1074.5,1095.535,2478,1621.75,33.81,51.77
8.9,854.9075,607.74625,1584.25,1603.12125,2015.15875,1877.3575,1074.5,1095.32375,2478,1621.625,33.84,51.78
9.0,854.79625,607.62125,1584.25,1603.01125,2015.09625,1877.3575,1074.5,1095.1125,2478,1621.625,33.83,51.78
9.1,854.79625,607.62125,1584.25,1603.01125,2015.09625,1877.425,1074.5,1095.1125,2477.875,1621.625,33.84,51.76
9.2,854.685,607.62125,1584.25,1602.90125,2015.09625,1877.3575,1074.5,1095.1125,2477.875,1621.5,33.85,51.78
9.3,854.685,607.62125,1584.25,1602.90125,2015.09625,1877.3575,1074.375,1094.90125,2477.875,1621.5,33.81,51.76
9.4,854.57375,607.62125,1584.25,1602.7925,2015.0325,1877.3575,1074.375,1094.90125,2477.75,1621.5,33.81,51.79
9.5,854.57375,607.62125,1584.375,1602.7925,2015.0325,1877.425,1074.5,1094.90125,2477.75,1621.5,33.84,51.79
9.6,854.57375,607.62125,1584.25,1602.6825,2015.0325,1877.425,1074.375,1094.69125,2477.75,1621.5,33.83,51.79
9.7,854.57375,607.62125,1584.375,1602.6825,2015.0325,1877.425,1074.5,1094.48,2477.625,1621.375,33.83,51.82
9.8,854.46125,607.49625,1584.25,1602.5725,2015.0325,1877.425,1074.5,1094.48,2477.625,1621.375,33.83,51.78
9.9,854.35,607.49625,1584.25,1602.5725,2014.97,1877.425,1074.5,1094.48,2477.625,1621.375,33.84,51.79
10.0,854.35,607.49625,1584.25,1602.4625,2014.97,1877.425,1074.375,1094.26875,2477.5,1621.25,33.83,51.74
10.1,854.23875,607.49625,1584.125,1602.35375,2014.9075,1877.3575,1074.375,1094.26875,2477.25,1621.125,33.84,51.8
10.2,854.23875,607.37125,1584,1602.24375,2014.9075,1877.29,1074.25,1093.8475,2477.125,1621,33.81,51.79
10.3,854.1275,607.37125,1583.875,1602.13375,2014.9075,1877.22375,1074.25,1093.63625,2477,1620.75,33.83,51.78
10.4,854.1275,607.37125,1583.875,1602.13375,2014.84375,1877.15625,1074.125,1093.63625,2476.875,1620.625,33.83,51.8
10.5,854.015,607.37125,1583.75,1602.02375,2014.84375,1877.15625,1074.125,1093.425,2476.875,1620.625,33.81,51.79
10.6,853.90375,607.37125,1583.75,1601.915,2014.78125,1877.08875,1074.125,1093.21375,2476.875,1620.5,33.84,51.76
10.7,853.90375,607.49625,1583.75,1601.915,2014.78125,1877.08875,1074,1093.21375,2476.875,1620.5,33.81,51.76
10.8,853.7925,607.62125,1583.75,1601.915,2014.71875,1877.08875,1074,1093.00375,2476.875,1620.375,33.81,51.8
10.9,853.7925,607.74625,1583.625,1601.805,2014.71875,1877.08875,1073.875,1092.7925,2476.875,1620.375,33.84,51.76
11.0,853.68125,607.99625,1583.625,1601.805,2014.71875,1877.08875,1073.875,1092.58125,2476.875,1620.375,33.83,51.79
11.1,853.56875,608.37125,1583.625,1601.805,2014.71875,1877.08875,1074,1092.58125,2476.875,1620.25,33.83,51.75
11.2,853.56875,608.99625,1583.625,1601.805,2014.71875,1877.08875,1073.875,1092.37,2476.875,1620.25,33.84,51.75
11.3,853.4575,609.62,1583.625,1601.915,2014.78125,1877.15625,1073.875,1092.58125,2477,1620.25,33.84,51.79
11.4,853.34625,610.37,1583.625,1601.915,2014.78125,1877.22375,1073.875,1092.58125,2477,1620.25,33.83,51.79
11.5,853.34625,611.245,1583.5,1602.02375,2014.9075,1877.29,1073.875,1092.58125,2477.125,1620.25,33.81,51.75
11.6,853.235,612.37,1583.5,1602.24375,2014.97,1877.3575,1073.875,1092.58125,2477.25,1620.375,33.83,51.76
11.7,853.1225,613.62,1583.5,1602.4625,2015.0325,1877.4925,1073.875,1092.7925,2477.375,1620.25,33.83,51.76
11.8,853.01125,615.12,1583.5,1602.6825,2015.22125,1877.6275,1073.875,1093.00375,2477.5,1620.375,33.83,51.73
11.9,853.01125,616.62,1583.5,1603.01125,2015.3475,1877.82875,1073.875,1093.425,2477.75,1620.375,33.83,51.75
12.0,852.9,618.49375,1583.625,1603.34,2015.47375,1878.03125,1073.75,1093.63625,2478,1620.5,33.83,51.74
12.1,852.78875,620.36875,1583.5,1603.77875,2015.725,1878.30125,1073.75,1094.26875,2478.375,1620.5,33.85,51.73
12.2,852.67625,622.61875,1583.625,1604.3275,2015.91375,1878.6375,1073.75,1095.1125,2478.75,1620.625,33.81,51.75
12.3,852.67625,625.1175,1583.5,1604.875,2016.22875,1878.97375,1073.875,1095.95625,2479.125,1620.75,33.84,51.76
12.4,852.45375,627.7425,1583.625,1605.6425,2016.54375,1879.37875,1073.75,1097.01125,2479.625,1620.75,33.81,51.69
12.5,852.45375,630.3675,1583.625,1606.52,2016.8575,1879.85,1073.75,1098.06625,2480,1621,33.83,51.75
12.6,852.3425,633.49125,1583.5,1607.3975,2017.235,1880.32125,1073.875,1099.5425,2480.5,1621.25,33.84,51.75
12.7,852.23,636.61625,1583.625,1608.385,2017.67625,1880.86,1074,1101.23,2481.125,1621.375,33.83,51.71
12.8,852.11875,639.99,1583.625,1609.59125,2018.11625,1881.46625,1074,1103.12875,2481.625,1621.625,33.81,51.74
12.9,852.11875,643.49,1583.625,1610.9075,2018.62,1882.0725,1074,1105.2375,2482.125,1621.875,33.84,51.7
13.0,852.0075,647.23875,1583.75,1612.22375,2019.1225,1882.67875,1074.125,1107.77,2482.625,1622.125,33.83,51.73
13.1,852.0075,651.11375,1583.625,1613.64875,2019.69,1883.42,1074.125,1110.30125,2483.25,1622.5,33.81,51.68
13.2,852.0075,655.2375,1583.75,1615.29375,2020.1925,1884.09375,1074.125,1113.25375,2483.75,1622.875,33.83,51.71
13.3,852.0075,659.3625,1583.75,1616.93875,2020.8225,1884.835,1074.25,1116.2075,2484.375,1623.25,33.85,51.7
13.4,851.89625,663.61125,1583.75,1618.6925,2021.45125,1885.6425,1074.25,1119.79375,2485,1623.5,33.88,51.71
13.5,852.0075,667.98625,1583.75,1620.5575,2022.14375,1886.45125,1074.375,1123.16875,2485.5,1624,33.85,51.72
13.6,851.89625,672.485,1583.875,1622.53125,2022.83625,1887.25875,1074.375,1126.96625,2486.25,1624.375,33.87,51.77
13.7,852.0075,677.10875,1583.875,1624.725,2023.59125,1888.0675,1074.5,1131.185,2486.75,1624.875,33.85,51.69
13.8,852.0075,681.85875,1583.875,1626.80875,2024.34625,1888.87625,1074.625,1135.615,2487.375,1625.375,33.84,51.69
13.9,852.11875,686.4825,1584,1629.11125,2025.10125,1889.75125,1074.75,1140.255,2487.875,1625.875,33.88,51.72
14.0,852.11875,691.35625,1584.125,1631.41375,2025.9825,1890.6275,1074.875,1144.89625,2488.5,1626.375,33.83,51.74
14.1,852.3425,696.23125,1584.25,1633.8275,2026.8,1891.57,1074.875,1149.95875,2489,1626.875,33.87,51.74
14.2,852.45375,701.105,1584.25,1636.24,2027.6175,1892.37875,1075,1155.0225,2489.625,1627.375,33.88,51.69
14.3,852.565,705.98,1584.25,1638.76125,2028.49875,1893.25375,1075.125,1160.50625,2490.125,1627.875,33.87,51.7
14.4,852.78875,710.85375,1584.375,1641.28375,2029.38,1894.13,1075.25,1166.2025,2490.75,1628.5,33.87,51.67
14.5,853.01125,715.7275,1584.5,1643.91625,2030.26125,1895.005,1075.375,1171.8975,2491.25,1629,33.88,51.69
14.6,853.1225,720.6025,1584.5,1646.43875,2031.14125,1895.88125,1075.5,1177.805,2491.75,1629.625,33.88,51.69
14.7,853.34625,725.47625,1584.625,1649.07,2032.085,1896.68875,1075.625,1183.71125,2492.375,1630.25,33.88,51.69
14.8,853.68125,730.225,1584.75,1651.7025,2033.03,1897.565,1075.75,1189.82875,2493,1630.875,33.88,51.68
14.9,854.015,735.1,1584.75,1654.44375,2033.97375,1898.44,1075.875,1196.1575,2493.5,1631.5,33.9,51.69
15.0,854.35,739.72375,1584.875,1657.07625,2034.85375,1899.18125,1076,1202.275,2494.125,1632,33.87,51.68
15.1,854.685,744.4725,1584.875,1659.8175,2035.86125,1900.05625,1076.125,1209.025,2494.625,1632.75,33.88,51.71
15.2,855.02,749.0975,1585,1662.55875,2036.805,1900.865,1076.25,1215.35375,2495.125,1633.375,33.88,51.71
15.3,855.46625,753.72125,1585,1665.19125,2037.74875,1901.60625,1076.375,1221.8925,2495.75,1634,33.9,51.69
15.4,855.9125,758.22125,1585.125,1667.9325,2038.6925,1902.41375,1076.375,1228.4325,2496.375,1634.625,33.88,51.71
15.5,856.35875,762.72,1585.25,1670.67375,2039.63625,1903.2225,1076.5,1235.1825,2497,1635.25,33.88,51.69
15.6,856.91625,767.21875,1585.25,1673.30625,2040.58,1903.96375,1076.625,1241.7225,2497.625,1635.875,33.87,51.64
15.7,857.47375,771.59375,1585.375,1676.0475,2041.5875,1904.77125,1076.75,1248.6825,2498.125,1636.5,33.87,51.67
15.8,858.0325,775.8425,1585.375,1678.78875,2042.59375,1905.5125,1076.875,1255.43375,2498.75,1637.25,33.91,51.71
15.9,858.59,780.2175,1585.5,1681.42125,2043.5375,1906.25375,1077,1262.18375,2499.375,1637.875,33.91,51.66
16.0,859.25875,784.46625,1585.625,1684.2725,2044.48125,1907.0625,1077.125,1268.93375,2500,1638.5,33.88,51.72
16.1,859.92875,788.715,1585.625,1687.01375,2045.48875,1907.8025,1077.25,1275.895,2500.75,1639.125,33.88,51.66
16.2,860.5975,792.84,1585.75,1689.75625,2046.4325,1908.54375,1077.25,1282.8575,2501.375,1639.875,33.91,51.72
16.3,861.37875,796.96375,1585.875,1692.3875,2047.43875,1909.3525,1077.375,1289.8175,2502,1640.375,33.91,51.7
16.4,862.16,801.08875,1585.875,1695.23875,2048.44625,1910.0925,1077.5,1296.78,2502.75,1641.125,33.88,51.69
16.5,862.82875,805.0875,1586,1697.98125,2049.4525,1910.83375,1077.5,1303.74125,2503.5,1641.75,33.9,51.68
16.6,863.72125,809.0875,1586,1700.83125,2050.46,1911.575,1077.625,1310.9125,2504.125,1642.375,33.91,51.67
16.7,864.5025,813.08625,1586.125,1703.57375,2051.40375,1912.31625,1077.75,1318.085,2504.875,1643,33.93,51.71
16.8,865.395,817.08625,1586.25,1706.315,2052.47375,1913.05625,1077.75,1325.2575,2505.5,1643.625,33.91,51.7
16.9,866.2875,820.96,1586.375,1709.16625,2053.4175,1913.7975,1078,1332.43,2506.25,1644.25,33.9,51.73
17.0,867.18,824.835,1586.375,1711.9075,2054.4875,1914.47125,1078,1339.8125,2507,1645,33.91,51.71
17.1,868.18375,828.58375,1586.5,1714.65,2055.49375,1915.145,1078.125,1346.775,2507.75,1645.625,33.93,51.69
17.2,869.07625,832.45875,1586.625,1717.28125,2056.5,1915.885,1078.125,1354.36875,2508.5,1646.25,33.9,51.71
17.3,870.1925,836.2075,1586.75,1720.02375,2057.5075,1916.55875,1078.25,1361.75125,2509.25,1647,33.91,51.74
17.4,871.19625,839.8325,1586.75,1722.655,2058.51375,1917.2325,1078.375,1369.34625,2510,1647.5,33.91,51.72
17.5,872.20125,843.58125,1587,1725.39625,2059.52125,1917.83875,1078.375,1376.72875,2510.75,1648.25,33.91,51.72
17.6,873.31625,847.205,1587,1728.02875,2060.5275,1918.5125,1078.5,1384.32375,2511.625,1648.875,33.93,51.71
17.7,874.4325,850.83,1587.125,1730.55125,2061.535,1919.11875,1078.5,1391.9175,2512.375,1649.625,33.93,51.75
17.8,875.5475,854.455,1587.25,1733.07375,2062.60375,1919.725,1078.625,1399.51125,2513.125,1650.125,33.91,51.72
17.9,876.66375,857.82875,1587.375,1735.595,2063.54875,1920.26375,1078.75,1407.105,2514,1650.875,33.93,51.78
18.0,877.77875,861.32875,1587.5,1738.1175,2064.555,1920.87,1078.875,1414.91125,2514.75,1651.5,33.93,51.77
18.1,879.00625,864.8275,1587.625,1740.53,2065.56125,1921.47625,1078.875,1422.505,2515.625,1652.25,33.91,51.8
18.2,880.23375,868.3275,1587.75,1742.83375,2066.505,1921.9475,1079,1430.09875,2516.375,1652.875,33.9,51.75
18.3,881.46125,871.70125,1587.875,1745.24625,2067.5125,1922.55375,1079,1437.69375,2517.25,1653.5,33.93,51.79
18.4,882.6875,875.07625,1588,1747.54875,2068.51875,1923.025,1079.125,1445.2875,2518,1654.25,33.93,51.74
18.5,884.02625,878.325,1588.125,1749.85125,2069.4625,1923.56375,1079.25,1452.88125,2518.875,1654.875,33.91,51.85
18.6,885.365,881.7,1588.25,1752.155,2070.40625,1924.03625,1079.25,1460.475,2519.625,1655.5,33.93,51.8
18.7,886.70375,884.825,1588.375,1754.23875,2071.35125,1924.5075,1079.375,1468.28125,2520.5,1656.25,33.94,51.8
18.8,887.93125,888.07375,1588.5,1756.43125,2072.295,1924.91125,1079.375,1475.66375,2521.375,1656.875,33.9,51.8
18.9,889.3825,891.19875,1588.625,1758.515,2073.23875,1925.3825,1079.5,1483.0475,2522.25,1657.5,33.93,51.83
19.0,890.72125,894.4475,1588.75,1760.59875,2074.12,1925.78625,1079.5,1490.64125,2523.125,1658.25,33.91,51.85
19.1,892.06,897.5725,1588.875,1762.5725,2075.06375,1926.19125,1079.625,1498.025,2523.875,1658.875,33.91,51.84
19.2,893.51,900.57125,1589,1764.54625,2075.945,1926.595,1079.625,1505.61875,2524.75,1659.5,33.93,51.83
19.3,894.96,903.57125,1589.25,1766.41125,2076.825,1926.99875,1079.75,1513.0025,2525.625,1660.25,33.93,51.88
19.4,896.41,906.57125,1589.375,1768.275,2077.70625,1927.33625,1079.75,1520.17375,2526.375,1660.875,33.93,51.88
19.5,897.86125,909.57,1589.5,1770.14,2078.5875,1927.6725,1079.75,1527.5575,2527.25,1661.625,33.93,51.87
19.6,899.4225,912.57,1589.75,1771.895,2079.405,1928.01,1079.75,1534.94,2528.125,1662.25,33.93,51.89
19.7,900.87375,915.44375,1589.75,1773.64875,2080.22375,1928.34625,1079.875,1541.90125,2529,1662.875,33.94,51.91
19.8,902.32375,918.31875,1589.875,1775.29375,2081.10375,1928.6825,1079.875,1549.07375,2529.875,1663.5,33.94,51.9
19.9,903.885,921.19375,1590.125,1776.93875,2081.85875,1929.02,1080,1556.24625,2530.75,1664.25,33.95,51.91
20.0,905.33625,924.0675,1590.25,1778.47375,2082.6775,1929.28875,1080,1563.41875,2531.5,1664.75,33.91,51.91
20.1,906.8975,926.8175,1590.5,1780.01,2083.495,1929.55875,1080.125,1570.38,2532.375,1665.5,33.94,51.94
20.2,908.46,929.56625,1590.625,1781.545,2084.25,1929.895,1080.125,1577.34125,2533.25,1666.125,33.94,51.96
20.3,910.02125,932.31625,1590.75,1782.97,2085.005,1930.165,1080.25,1584.09125,2534.125,1666.875,33.94,51.95
20.4,911.4725,935.06625,1590.875,1784.39625,2085.76,1930.3675,1080.25,1591.0525,2535,1667.375,33.94,52
20.5,913.145,937.69,1591,1785.82125,2086.51625,1930.63625,1080.25,1597.80375,2535.875,1668.125,33.93,52.01
20.6,914.7075,940.315,1591.25,1787.1375,2087.27125,1930.90625,1080.25,1604.55375,2536.625,1668.75,33.94,52.02
20.7,916.26875,942.94,1591.5,1788.45375,2088.02625,1931.1075,1080.25,1611.09375,2537.5,1669.375,33.94,52
20.8,917.83125,945.56375,1591.625,1789.66,2088.71875,1931.31,1080.375,1617.84375,2538.375,1670,33.94,52.04
20.9,919.3925,948.06375,1591.75,1790.97625,2089.41,1931.5125,1080.375,1624.17125,2539.25,1670.75,33.93,52.04
21.0,920.955,950.56375,1592,1792.0725,2090.1025,1931.71375,1080.375,1630.71125,2540.125,1671.375,33.97,52.03
21.1,922.5175,953.0625,1592.125,1793.27875,2090.73125,1931.91625,1080.375,1637.04,2540.875,1672,33.95,52.04
21.2,924.07875,955.5625,1592.375,1794.37625,2091.42375,1932.11875,1080.375,1643.57875,2541.75,1672.625,33.95,52.07
21.3,925.7525,957.9375,1592.5,1795.4725,2092.0525,1932.25375,1080.5,1649.9075,2542.625,1673.25,33.95,52.08
21.4,927.315,960.31125,1592.625,1796.35,2092.6825,1932.3875,1080.5,1656.025,2543.5,1673.875,33.95,52.12
21.5,928.87625,962.81125,1592.875,1797.44625,2093.31125,1932.59,1080.5,1662.35375,2544.25,1674.5,33.94,52.09
21.6,930.32625,965.06125,1593,1798.32375,2093.8775,1932.725,1080.5,1668.26,2545.125,1675.25,33.93,52.13
21.7,932,967.435,1593.25,1799.31,2094.5075,1932.85875,1080.5,1674.3775,2545.875,1675.75,33.97,52.13
21.8,933.45,969.685,1593.5,1800.1875,2095.07375,1932.99375,1080.625,1680.28375,2546.75,1676.5,33.94,52.13
21.9,935.12375,971.935,1593.625,1800.955,2095.64,1933.12875,1080.5,1686.19125,2547.5,1677.125,33.94,52.19
22.0,936.68625,974.18375,1593.875,1801.8325,2096.26875,1933.26375,1080.625,1692.0975,2548.25,1677.75,33.97,52.17
22.1,938.2475,976.43375,1594.125,1802.6,2096.7725,1933.33125,1080.5,1697.7925,2549.125,1678.375,33.95,52.17
22.2,939.69875,978.55875,1594.25,1803.36875,2097.27625,1933.465,1080.625,1703.48875,2550,1678.875,33.95,52.23
22.3,941.26,980.68375,1594.5,1804.13625,2097.8425,1933.5325,1080.625,1709.18375,2550.75,1679.625,33.94,52.22
22.4,942.8225,982.8075,1594.625,1804.79375,2098.345,1933.6675,1080.625,1714.88,2551.625,1680.25,33.95,52.21
22.5,944.2725,984.9325,1594.875,1805.56125,2098.84875,1933.8025,1080.625,1720.575,2552.5,1680.75,33.94,52.25
22.6,945.7225,987.0575,1595,1806.11,2099.3525,1933.87,1080.625,1725.84875,2553.25,1681.375,33.95,52.25
22.7,947.285,989.05625,1595.25,1806.7675,2099.85625,1933.9375,1080.625,1731.33375,2554,1682.125,33.94,52.26
22.8,948.62375,991.05625,1595.375,1807.31625,2100.29625,1934.005,1080.625,1736.6075,2554.75,1682.625,33.95,52.25
22.9,950.185,993.05625,1595.75,1807.86375,2100.73625,1934.07125,1080.75,1741.88125,2555.625,1683.25,33.94,52.31
23.0,951.63625,994.93125,1595.875,1808.4125,2101.24,1934.13875,1080.625,1746.94375,2556.25,1683.75,33.94,52.29
23.1,953.08625,996.805,1596,1808.96125,2101.6175,1934.20625,1080.625,1752.2175,2557,1684.375,33.95,52.31
23.2,954.425,998.805,1596.25,1809.50875,2102.05875,1934.20625,1080.625,1757.06875,2557.875,1685,33.97,52.33
23.3,955.875,1000.68,1596.5,1809.9475,2102.49875,1934.27375,1080.625,1762.34375,2558.625,1685.625,33.97,52.34
23.4,957.21375,1002.555,1596.625,1810.38625,2102.87625,1934.34125,1080.625,1767.195,2559.375,1686.125,33.94,52.34
23.5,958.66375,1004.30375,1596.875,1810.825,2103.25375,1934.40875,1080.625,1772.2575,2560.125,1686.75,33.93,52.35
23.6,960.00375,1006.05375,1597,1811.15375,2103.69375,1934.40875,1080.625,1776.89875,2560.875,1687.25,33.95,52.39
23.7,961.3425,1007.92875,1597.25,1811.48375,2104.07125,1934.47625,1080.625,1781.75,2561.625,1687.875,33.95,52.39
23.8,962.68125,1009.55375,1597.5,1811.92125,2104.38625,1934.47625,1080.625,1786.39125,2562.375,1688.375,33.97,52.41
23.9,964.02,1011.30375,1597.75,1812.25125,2104.76375,1934.47625,1080.625,1791.0325,2563,1689,33.94,52.43
24.0,965.35875,1012.9275,1597.875,1812.47,2105.07875,1934.54375,1080.625,1795.67375,2563.75,1689.625,33.94,52.42
24.1,966.585,1014.6775,1598.125,1812.79875,2105.39375,1934.54375,1080.625,1800.1025,2564.5,1690.125,33.95,52.39
24.2,967.92375,1016.1775,1598.25,1813.12875,2105.77,1934.54375,1080.625,1804.53375,2565.125,1690.75,33.95,52.42
24.3,969.15125,1017.8025,1598.5,1813.3475,2106.085,1934.54375,1080.625,1808.7525,2565.875,1691.25,33.95,52.47
24.4,970.37875,1019.42625,1598.75,1813.5675,2106.4,1934.54375,1080.5,1812.97125,2566.625,1691.875,33.95,52.47
24.5,971.60625,1020.92625,1598.875,1813.78625,2106.715,1934.54375,1080.5,1817.40125,2567.25,1692.375,33.98,52.49
24.6,972.83375,1022.55125,1599.125,1814.005,2107.02875,1934.54375,1080.5,1821.40875,2568,1692.875,33.97,52.51
24.7,973.94875,1024.05125,1599.375,1814.115,2107.2175,1934.54375,1080.5,1825.6275,2568.625,1693.5,33.97,52.51
24.8,975.17625,1025.42625,1599.5,1814.225,2107.5325,1934.54375,1080.5,1829.63625,2569.375,1694,33.95,52.55
24.9,976.40375,1026.925,1599.75,1814.44375,2107.78375,1934.54375,1080.5,1833.64375,2570,1694.5,33.97,52.58
25.0,977.51875,1028.3,1599.875,1814.55375,2108.03625,1934.47625,1080.375,1837.65125,2570.75,1695,33.95,52.54
25.1,978.635,1029.675,1600.125,1814.66375,2108.2875,1934.47625,1080.375,1841.66,2571.375,1695.625,33.97,52.56
25.2,979.75,1031.05,1600.25,1814.77375,2108.47625,1934.47625,1080.375,1845.24625,2572,1696.125,33.95,52.59
25.3,980.755,1032.425,1600.5,1814.77375,2108.72875,1934.47625,1080.375,1849.0425,2572.625,1696.625,33.97,52.58
25.4,981.87,1033.67375,1600.75,1814.8825,2108.91625,1934.40875,1080.375,1852.84,2573.25,1697.125,33.98,52.59
25.5,982.87375,1035.04875,1601,1814.8825,2109.16875,1934.40875,1080.375,1856.42625,2574,1697.75,33.97,52.59
25.6,983.99,1036.42375,1601.125,1814.9925,2109.3575,1934.40875,1080.25,1860.22375,2574.625,1698.25,33.95,52.61
25.7,984.99375,1037.54875,1601.375,1814.9925,2109.54625,1934.40875,1080.25,1863.81,2575.25,1698.75,34,52.67
25.8,985.9975,1038.79875,1601.5,1815.1025,2109.735,1934.34125,1080.25,1867.185,2575.875,1699.25,33.95,52.62
25.9,987.0025,1040.04875,1601.75,1815.1025,2109.92375,1934.27375,1080.25,1870.77125,2576.5,1699.75,33.97,52.67
26.0,988.00625,1041.1725,1602,1815.1025,2110.1125,1934.27375,1080.125,1873.935,2577.125,1700.25,33.97,52.72
26.1,988.89875,1042.4225,1602.125,1815.1025,2110.30125,1934.27375,1080.125,1877.31,2577.75,1700.75,33.97,52.72
26.2,989.9025,1043.5475,1602.375,1815.1025,2110.49,1934.27375,1080.125,1880.685,2578.375,1701.25,33.97,52.7
26.3,990.795,1044.6725,1602.5,1815.2125,2110.67875,1934.27375,1080.125,1883.85,2579,1701.75,33.98,52.76
26.4,991.6875,1045.7975,1602.75,1815.32125,2110.805,1934.27375,1080.125,1887.225,2579.625,1702.25,33.98,52.69
26.5,992.58,1046.7975,1602.875,1815.32125,2110.93,1934.34125,1080,1890.38875,2580.25,1702.75,33.95,52.73
26.6,993.36125,1047.92125,1603.125,1815.43125,2111.05625,1934.34125,1080,1893.55375,2580.875,1703.25,33.97,52.81
26.7,994.25375,1048.92125,1603.25,1815.54125,2111.245,1934.40875,1079.875,1896.7175,2581.5,1703.75,33.97,52.78
26.8,995.035,1050.04625,1603.5,1815.65,2111.37125,1934.40875,1080,1899.67125,2582,1704.25,33.97,52.78
26.9,995.9275,1051.04625,1603.625,1815.76,2111.56,1934.40875,1079.875,1902.835,2582.625,1704.625,33.95,52.78
27.0,996.70875,1052.04625,1603.875,1815.87,2111.68625,1934.47625,1079.875,1905.78875,2583.25,1705.125,33.97,52.78
27.1,997.49,1053.04625,1604,1815.98,2111.81125,1934.47625,1079.75,1908.74125,2583.875,1705.625,33.95,52.79
27.2,998.15875,1054.04625,1604.25,1816.08875,2112,1934.54375,1079.75,1911.90625,2584.5,1706.125,33.97,52.82
27.3,998.94,1055.04625,1604.375,1816.19875,2112.12625,1934.54375,1079.75,1914.64875,2585,1706.625,33.98,52.84
27.4,999.72125,1055.92125,1604.625,1816.30875,2112.18875,1934.54375,1079.625,1917.60125,2585.625,1707,33.95,52.83
27.5,1000.39,1056.795,1604.75,1816.41875,2112.3775,1934.61,1079.625,1920.555,2586.25,1707.5,33.97,52.81
27.6,1001.06,1057.67,1605,1816.5275,2112.50375,1934.61,1079.625,1923.5075,2586.75,1708,33.98,52.85
27.7,1001.72875,1058.545,1605.125,1816.6375,2112.63,1934.61,1079.5,1926.46125,2587.375,1708.5,34,52.92
27.8,1002.39875,1059.42,1605.375,1816.8575,2112.755,1934.6775,1079.5,1929.415,2587.875,1708.875,33.98,52.88
27.9,1003.0675,1060.295,1605.5,1816.8575,2112.88125,1934.6775,1079.5,1932.15625,2588.5,1709.375,33.97,52.9
28.0,1003.7375,1061.17,1605.625,1816.96625,2113.0075,1934.6775,1079.375,1935.11,2589,1709.75,33.98,52.93
28.1,1004.40625,1061.92,1605.875,1816.96625,2113.07,1934.6775,1079.375,1938.06375,2589.5,1710.25,33.97,52.93
28.2,1004.96375,1062.795,1606,1817.07625,2113.19625,1934.61,1079.375,1940.80625,2590.125,1710.75,34,52.96
28.3,1005.5225,1063.545,1606.25,1817.07625,2113.32125,1934.6775,1079.375,1943.75875,2590.625,1711.125,33.98,52.97
28.4,1006.19125,1064.29375,1606.375,1817.18625,2113.4475,1934.61,1079.25,1946.50125,2591.125,1711.625,33.97,52.97
28.5,1006.74875,1065.04375,1606.5,1817.18625,2113.51,1934.61,1079.125,1949.24375,2591.625,1712,33.98,53.02
28.6,1007.3075,1065.79375,1606.75,1817.18625,2113.63625,1934.61,1079.125,1951.98625,2592.25,1712.375,33.97,52.99
28.7,1007.865,1066.41875,1606.875,1817.18625,2113.69875,1934.54375,1079.125,1954.5175,2592.625,1712.875,33.98,52.99
28.8,1008.31125,1067.16875,1607,1817.18625,2113.7625,1934.54375,1079,1957.26,2593.125,1713.375,33.98,53.01
28.9,1008.86875,1067.79375,1607.25,1817.18625,2113.8875,1934.47625,1079,1959.79125,2593.625,1713.75,33.98,53.03
29.0,1009.4275,1068.54375,1607.5,1817.07625,2113.95125,1934.47625,1079,1962.3225,2594.125,1714.25,33.98,53.04
29.1,1009.985,1069.16875,1607.5,1816.96625,2114.01375,1934.40875,1078.875,1964.85375,2594.625,1714.625,33.97,53.04
29.2,1010.43125,1069.79375,1607.625,1816.96625,2114.07625,1934.34125,1078.875,1967.385,2595.125,1715,33.98,53.07
29.3,1010.98875,1070.41875,1607.875,1816.8575,2114.2025,1934.34125,1078.75,1969.70625,2595.625,1715.5,33.98,53.11
29.4,1011.32375,1070.91875,1608,1816.7475,2114.2025,1934.27375,1078.625,1972.2375,2596.125,1715.875,33.98,53.1
29.5,1011.88125,1071.5425,1608.125,1816.5275,2114.265,1934.13875,1078.625,1974.5575,2596.5,1716.25,34,53.14
29.6,1012.3275,1072.1675,1608.375,1816.41875,2114.32875,1934.13875,1078.625,1976.8775,2597,1716.625,33.98,53.1
29.7,1012.77375,1072.6675,1608.5,1816.30875,2114.39125,1934.005,1078.625,1979.19875,2597.5,1717,33.98,53.08
29.8,1013.22,1073.1675,1608.625,1816.08875,2114.45375,1934.005,1078.5,1981.51875,2597.875,1717.5,33.98,53.08
29.9,1013.555,1073.6675,1608.75,1815.98,2114.45375,1933.87,1078.5,1983.62875,2598.375,1717.875,34,53.15
30.0,1014.1125,1074.2925,1608.875,1815.65,2114.5175,1933.8025,1078.5,1985.7375,2598.875,1718.25,33.98,53.16
30.1,1014.4475,1074.6675,1609.125,1815.54125,2114.5175,1933.735,1078.375,1987.8475,2599.25,1718.625,34,53.13
30.2,1014.89375,1075.1675,1609.25,1815.2125,2114.58,1933.6,1078.25,1989.9575,2599.75,1719,33.97,53.15
30.3,1015.34,1075.6675,1609.375,1814.9925,2114.5175,1933.5325,1078.25,1991.855,2600.125,1719.375,33.98,53.19
30.4,1015.675,1076.0425,1609.5,1814.77375,2114.58,1933.465,1078.25,1993.965,2600.625,1719.875,34.01,53.22
30.5,1016.12125,1076.4175,1609.625,1814.44375,2114.58,1933.39875,1078.125,1995.86375,2601,1720.125,34,53.22
30.6,1016.455,1076.9175,1609.875,1814.225,2114.58,1933.26375,1078.125,1997.7625,2601.375,1720.5,33.98,53.2
30.7,1016.79,1077.2925,1610,1813.89625,2114.58,1933.26375,1078,1999.66125,2601.75,1721,34,53.22
30.8,1017.125,1077.6675,1610.125,1813.67625,2114.58,1933.12875,1078,2001.55875,2602.25,1721.25,34,53.22
30.9,1017.46,1078.0425,1610.25,1813.3475,2114.5175,1933.06125,1077.875,2003.03625,2602.625,1721.625,33.98,53.19
31.0,1017.79375,1078.41625,1610.375,1813.01875,2114.5175,1932.92625,1077.875,2004.93375,2603,1722,34,53.24
31.1,1018.12875,1078.79125,1610.5,1812.79875,2114.45375,1932.85875,1077.75,2006.6225,2603.5,1722.375,34.01,53.27
31.2,1018.46375,1079.04125,1610.75,1812.47,2114.45375,1932.7925,1077.75,2008.31,2603.75,1722.75,34,53.27
31.3,1018.79875,1079.41625,1610.75,1812.25125,2114.45375,1932.6575,1077.625,2009.78625,2604.25,1723.125,34.01,53.3
31.4,1019.02125,1079.66625,1610.875,1811.92125,2114.39125,1932.59,1077.625,2011.47375,2604.625,1723.5,33.98,53.29
31.5,1019.245,1080.04125,1611.125,1811.5925,2114.39125,1932.5225,1077.625,2012.95,2605,1723.75,33.97,53.28
31.6,1019.58,1080.29125,1611.25,1811.37375,2114.32875,1932.455,1077.5,2014.42625,2605.375,1724.125,33.98,53.26
31.7,1019.8025,1080.54125,1611.375,1811.045,2114.32875,1932.3875,1077.5,2015.90375,2605.75,1724.5,34,53.32
31.8,1020.1375,1080.79125,1611.5,1810.715,2114.265,1932.32,1077.375,2017.17,2606,1724.875,34,53.31
31.9,1020.36,1081.04125,1611.625,1810.49625,2114.2025,1932.25375,1077.25,2018.64625,2606.5,1725.125,33.98,53.35
32.0,1020.695,1081.29125,1611.75,1810.1675,2114.14,1932.18625,1077.25,2020.1225,2606.875,1725.5,33.98,53.37
32.1,1020.80625,1081.54125,1611.875,1809.9475,2114.07625,1932.11875,1077.25,2021.38875,2607.25,1725.875,33.98,53.36
32.2,1021.14125,1081.79125,1612,1809.61875,2114.07625,1932.05125,1077.125,2022.865,2607.5,1726.125,33.95,53.37
32.3,1021.2525,1081.91625,1612.125,1809.4,2113.95125,1931.98375,1077,2024.13,2607.875,1726.5,33.98,53.4
32.4,1021.47625,1082.04125,1612.25,1809.18,2113.95125,1931.91625,1077,2025.39625,2608.25,1726.875,34,53.4
32.5,1021.69875,1082.29125,1612.375,1808.85125,2113.8875,1931.84875,1077,2026.6625,2608.625,1727.25,34,53.37
32.6,1021.9225,1082.41625,1612.5,1808.6325,2113.825,1931.78125,1076.875,2027.9275,2609,1727.5,33.98,53.4
32.7,1022.03375,1082.54125,1612.625,1808.3025,2113.7625,1931.71375,1076.75,2028.9825,2609.375,1727.75,33.98,53.38
32.8,1022.2575,1082.79125,1612.75,1808.08375,2113.69875,1931.64625,1076.75,2030.2475,2609.625,1728.125,33.98,53.43
32.9,1022.48,1082.91625,1612.875,1807.755,2113.63625,1931.58,1076.625,2031.3025,2610,1728.375,33.97,53.43
33.0,1022.59125,1083.04125,1613,1807.535,2113.57375,1931.5125,1076.625,2032.56875,2610.25,1728.75,34,53.43
33.1,1022.70375,1083.16625,1613.125,1807.20625,2113.51,1931.5125,1076.5,2033.83375,2610.625,1729,34,53.49
33.2,1022.815,1083.29125,1613.25,1806.9875,2113.4475,1931.445,1076.5,2034.88875,2610.875,1729.375,33.97,53.44
33.3,1022.92625,1083.29125,1613.375,1806.6575,2113.385,1931.3775,1076.375,2035.94375,2611.25,1729.625,33.98,53.48
33.4,1023.15,1083.41625,1613.375,1806.43875,2113.32125,1931.31,1076.375,2037.21,2611.5,1730,34,53.47
33.5,1023.26125,1083.54125,1613.5,1806.22,2113.25875,1931.175,1076.25,2038.26375,2611.875,1730.25,34,53.51
33.6,1023.3725,1083.54125,1613.625,1805.89,2113.1325,1931.1075,1076.25,2039.31875,2612.125,1730.5,33.98,53.47
33.7,1023.3725,1083.66625,1613.75,1805.56125,2113.07,1931.04,1076.125,2040.37375,2612.5,1730.875,34,53.47
33.8,1023.59625,1083.66625,1613.875,1805.3425,2113.0075,1930.97375,1076.125,2041.42875,2612.75,1731.125,34.01,53.51
33.9,1023.59625,1083.66625,1614,1804.90375,2112.94375,1930.90625,1076,2042.2725,2613.125,1731.375,34,53.51
34.0,1023.7075,1083.79125,1614.125,1804.68375,2112.81875,1930.83875,1076,2043.3275,2613.375,1731.75,34,53.52
34.1,1023.81875,1083.66625,1614.25,1804.355,2112.755,1930.70375,1075.75,2044.17125,2613.625,1732,34.01,53.53
34.2,1023.81875,1083.79125,1614.25,1804.02625,2112.63,1930.63625,1075.75,2045.225,2614,1732.25,34.01,53.54
34.3,1023.93,1083.79125,1614.375,1803.6975,2112.56625,1930.56875,1075.75,2046.28,2614.25,1732.625,34.03,53.53
34.4,1023.93,1083.79125,1614.5,1803.36875,2112.44125,1930.50125,1075.625,2047.12375,2614.5,1732.875,34.01,53.56
34.5,1024.0425,1083.79125,1614.625,1802.93,2112.3775,1930.3675,1075.625,2047.9675,2614.75,1733.125,34,53.54
34.6,1024.0425,1083.66625,1614.625,1802.6,2112.315,1930.3,1075.5,2048.81125,2615,1733.375,34,53.57
34.7,1024.15375,1083.66625,1614.875,1802.27125,2112.18875,1930.165,1075.375,2049.445,2615.25,1733.625,34,53.58
34.8,1024.0425,1083.54125,1614.875,1801.8325,2112.0625,1930.03,1075.25,2050.49875,2615.5,1733.875,34,53.54
34.9,1024.15375,1083.54125,1615,1801.39375,2112,1929.9625,1075.25,2051.1325,2615.75,1734.125,34.01,53.57
35.0,1024.15375,1083.41625,1615.125,1801.065,2111.875,1929.895,1075.25,2051.97625,2616,1734.5,34.01,53.59
35.1,1024.15375,1083.29125,1615.25,1800.62625,2111.74875,1929.76125,1075.125,2052.60875,2616.25,1734.75,33.98,53.59
35.2,1024.15375,1083.29125,1615.25,1800.1875,2111.6225,1929.62625,1075,2053.24125,2616.5,1735,33.98,53.64
35.3,1024.15375,1083.16625,1615.375,1799.85875,2111.49625,1929.55875,1075,2053.875,2616.75,1735.25,34,53.6
35.4,1024.265,1083.04125,1615.5,1799.42,2111.37125,1929.42375,1074.875,2054.5075,2616.875,1735.5,33.98,53.65
35.5,1024.15375,1082.91625,1615.5,1798.98125,2111.245,1929.28875,1074.875,2055.14,2617.125,1735.625,34,53.69
35.6,1024.15375,1082.79125,1615.625,1798.5425,2111.11875,1929.155,1074.75,2055.7725,2617.375,1736,34,53.65
35.7,1024.15375,1082.66625,1615.75,1798.10375,2110.99375,1929.0875,1074.75,2056.195,2617.625,1736.25,34,53.64
35.8,1024.15375,1082.54125,1615.875,1797.665,2110.8675,1928.9525,1074.625,2056.8275,2617.875,1736.5,34,53.62
35.9,1024.0425,1082.29125,1616,1797.1175,2110.74125,1928.8175,1074.5,2057.25,2618,1736.75,34,53.65
36.0,1024.0425,1082.16625,1616,1796.67875,2110.61625,1928.6825,1074.5,2057.67125,2618.25,1736.875,34.01,53.68
36.1,1023.93,1082.04125,1616.125,1796.24,2110.49,1928.61625,1074.375,2058.09375,2618.375,1737.25,34,53.68
36.2,1023.93,1081.79125,1616.25,1795.69125,2110.30125,1928.48125,1074.375,2058.72625,2618.625,1737.375,34.01,53.68
36.3,1023.81875,1081.66625,1616.375,1795.2525,2110.175,1928.34625,1074.25,2058.9375,2618.875,1737.625,34.03,53.69
36.4,1023.81875,1081.41625,1616.375,1794.81375,2109.98625,1928.21125,1074.25,2059.35875,2619.125,1737.875,33.98,53.68
36.5,1023.7075,1081.29125,1616.5,1794.26625,2109.86125,1928.14375,1074.125,2059.57,2619.25,1738.125,34.01,53.71
36.6,1023.7075,1081.04125,1616.625,1793.8275,2109.735,1928.01,1074.125,2059.99125,2619.5,1738.375,34.01,53.73
36.7,1023.7075,1080.79125,1616.75,1793.38875,2109.54625,1927.875,1074,2060.41375,2619.625,1738.5,34,53.7
36.8,1023.59625,1080.54125,1616.75,1792.84,2109.42,1927.74,1073.875,2060.625,2619.75,1738.75,34,53.72
36.9,1023.48375,1080.41625,1616.875,1792.40125,2109.295,1927.605,1073.875,2060.625,2620,1739,34.01,53.73
37.0,1023.3725,1080.16625,1616.875,1791.85375,2109.105,1927.5375,1073.75,2060.835,2620.125,1739.125,34,53.71
37.1,1023.26125,1079.79125,1617,1791.305,2108.91625,1927.40375,1073.625,2061.2575,2620.375,1739.375,34,53.76
37.2,1023.15,1079.66625,1617.125,1790.86625,2108.79125,1927.26875,1073.5,2061.2575,2620.5,1739.625,34.03,53.74
37.3,1023.0375,1079.41625,1617.25,1790.3175,2108.54,1927.20125,1073.5,2061.46875,2620.625,1739.875,34.01,53.75
37.4,1022.92625,1079.04125,1617.25,1789.77,2108.41375,1927.06625,1073.375,2061.46875,2620.875,1740.125,34,53.76
37.5,1022.815,1078.79125,1617.25,1789.33125,2108.225,1926.93125,1073.375,2061.68,2621,1740.25,34,53.76
37.6,1022.70375,1078.54125,1617.375,1788.7825,2108.09875,1926.7975,1073.25,2061.89125,2621.125,1740.5,33.98,53.77
37.7,1022.59125,1078.2925,1617.5,1788.34375,2107.91,1926.73,1073.25,2061.89125,2621.25,1740.625,34.03,53.75
37.8,1022.48,1078.0425,1617.5,1787.79625,2107.72125,1926.595,1073.125,2062.10125,2621.5,1740.875,34.01,53.76
37.9,1022.36875,1077.6675,1617.625,1787.3575,2107.5325,1926.46,1073,2062.10125,2621.625,1741,34.01,53.8
38.0,1022.145,1077.4175,1617.75,1786.80875,2107.34375,1926.3925,1073,2062.10125,2621.75,1741.25,34.03,53.76
38.1,1022.03375,1077.0425,1617.75,1786.26,2107.155,1926.25875,1072.875,2062.10125,2621.875,1741.375,34.01,53.81
38.2,1021.9225,1076.7925,1617.75,1785.82125,2107.02875,1926.19125,1072.75,2061.89125,2622,1741.625,34,53.8
38.3,1021.69875,1076.5425,1617.875,1785.27375,2106.84,1926.05625,1072.75,2061.89125,2622.125,1741.875,34.01,53.75
38.4,1021.5875,1076.1675,1618,1784.835,2106.58875,1925.92125,1072.625,2061.89125,2622.25,1742,34,53.79
38.5,1021.365,1075.7925,1618,1784.28625,2106.4625,1925.85375,1072.5,2061.89125,2622.375,1742.125,34.01,53.8
38.6,1021.14125,1075.5425,1618.125,1783.73875,2106.27375,1925.72,1072.5,2061.68,2622.625,1742.375,34.03,53.85
38.7,1021.03,1075.1675,1618.125,1783.3,2106.085,1925.6525,1072.5,2061.46875,2622.625,1742.5,34.01,53.83
38.8,1020.80625,1074.7925,1618.25,1782.86125,2105.89625,1925.5175,1072.25,2061.46875,2622.75,1742.75,34.01,53.8
38.9,1020.695,1074.4175,1618.25,1782.3125,2105.7075,1925.3825,1072.25,2061.2575,2622.875,1742.875,34,53.84
39.0,1020.4725,1074.0425,1618.375,1781.76375,2105.51875,1925.315,1072.125,2061.04625,2623,1743,34.01,53.83
39.1,1020.24875,1073.7925,1618.375,1781.32625,2105.33,1925.18125,1072.125,2061.04625,2623.125,1743.25,34.01,53.82
39.2,1020.02625,1073.4175,1618.5,1780.8875,2105.14125,1925.11375,1072,2060.835,2623.25,1743.375,34.03,53.81
39.3,1019.8025,1072.9175,1618.625,1780.33875,2104.9525,1925.04625,1071.875,2060.625,2623.375,1743.625,34.01,53.88
39.4,1019.58,1072.6675,1618.625,1779.9,2104.76375,1924.91125,1071.875,2060.41375,2623.375,1743.75,34.03,53.87
39.5,1019.35625,1072.2925,1618.625,1779.35125,2104.575,1924.84375,1071.75,2060.2025,2623.5,1743.875,34.01,53.88
39.6,1019.13375,1071.7925,1618.625,1778.9125,2104.32375,1924.70875,1071.625,2059.99125,2623.625,1744.125,34,53.84
39.7,1018.91,1071.4175,1618.75,1778.365,2104.1975,1924.64125,1071.625,2059.78125,2623.75,1744.25,34.03,53.84
39.8,1018.6875,1071.04375,1618.75,1777.92625,2103.94625,1924.5075,1071.5,2059.35875,2623.75,1744.375,34.01,53.87
39.9,1018.46375,1070.66875,1618.875,1777.4875,2103.7575,1924.44,1071.5,2059.35875,2624,1744.5,34.01,53.89
40.0,1018.24125,1070.29375,1619,1776.93875,2103.56875,1924.3725,1071.375,2058.9375,2624,1744.75,34.01,53.93
40.1,1018.0175,1069.91875,1619,1776.5,2103.38,1924.2375,1071.25,2058.72625,2624.125,1744.875,34.01,53.92
40.2,1017.6825,1069.41875,1619,1776.06125,2103.19125,1924.1025,1071.125,2058.30375,2624.125,1745,33.97,53.86
40.3,1017.46,1069.04375,1619.125,1775.51375,2103.0025,1924.03625,1071.125,2057.8825,2624.25,1745.125,34.01,53.92
40.4,1017.23625,1068.66875,1619.125,1775.075,2102.8125,1923.90125,1071,2057.46,2624.375,1745.25,34,53.94
40.5,1016.9025,1068.16875,1619.25,1774.52625,2102.625,1923.83375,1070.875,2057.25,2624.375,1745.375,34.01,53.94
40.6,1016.67875,1067.79375,1619.25,1774.0875,2102.43625,1923.69875,1070.875,2056.8275,2624.5,1745.5,34.03,53.97
40.7,1016.455,1067.29375,1619.25,1773.53875,2102.2475,1923.63125,1070.75,2056.61625,2624.625,1745.625,34.04,53.89
40.8,1016.12125,1066.91875,1619.375,1773.10125,2102.05875,1923.56375,1070.625,2056.195,2624.625,1745.75,34.01,53.89
40.9,1015.8975,1066.41875,1619.375,1772.6625,2101.80625,1923.43,1070.625,2055.7725,2624.625,1746,34,53.94
41.0,1015.5625,1066.04375,1619.5,1772.11375,2101.6175,1923.3625,1070.5,2055.5625,2624.75,1746.125,34.01,53.91
41.1,1015.34,1065.54375,1619.5,1771.675,2101.42875,1923.2275,1070.5,2055.14,2624.75,1746.25,34.01,53.95
41.2,1015.005,1065.16875,1619.5,1771.23625,2101.24,1923.16,1070.375,2054.71875,2624.875,1746.375,34.01,53.97
41.3,1014.7825,1064.66875,1619.625,1770.68875,2101.05125,1923.025,1070.25,2054.29625,2624.875,1746.5,34.03,53.96
41.4,1014.4475,1064.29375,1619.625,1770.25,2100.8625,1922.9575,1070.125,2053.875,2624.875,1746.625,34.03,53.95
41.5,1014.22375,1063.795,1619.625,1769.81125,2100.67375,1922.82375,10.625,2033.6225,2625.625,1750.125,34.03,54.09
41.6,1002.51,1047.1725,1621,1753.8,2093.7525,1919.6575,1067.125,2032.77875,2625.625,1750.25,34.01,54.09
41.7,1002.175,1046.6725,1620.875,1753.36125,2093.62625,1919.59,1067.125,2032.14625,2625.625,1750.25,34.03,54.09
41.8,1001.84,1046.1725,1621,1752.9225,2093.4375,1919.455,1067,2031.3025,2625.625,1750.375,34.04,54.12
41.9,1001.39375,1045.5475,1621,1752.37375,2093.18625,1919.3875,1066.875,2030.45875,2625.625,1750.5,34.03,54.06
42.0,1001.06,1045.0475,1621,1751.935,2092.9975,1919.25375,1066.75,2029.82625,2625.625,1750.5,34.03,54.11
42.1,1000.61375,1044.5475,1621,1751.49625,2092.745,1919.25375,1066.75,2028.9825,2625.5,1750.625,34.03,54.09
42.2,1000.27875,1044.0475,1621.125,1750.94875,2092.55625,1919.11875,1066.625,2028.13875,2625.5,1750.625,34.01,54.1
42.3,999.8325,1043.5475,1621.125,1750.51,2092.3675,1919.05125,1066.5,2027.50625,2625.5,1750.75,34.03,54.08
42.4,999.4975,1042.9225,1621.125,1750.07125,2092.17875,1918.98375,1066.5,2026.6625,2625.5,1750.875,34.04,54.09
42.5,999.05125,1042.4225,1621.125,1749.6325,2091.99,1918.84875,1066.375,2025.81875,2625.5,1750.875,34.01,54.07
42.6,998.71625,1041.9225,1621.125,1749.19375,2091.80125,1918.78125,1066.25,2024.975,2625.5,1751,34.01,54.09
42.7,998.27,1041.4225,1621.125,1748.755,2091.55,1918.715,1066.25,2024.13,2625.5,1751,34.03,54.13
42.8,997.935,1040.9225,1621.25,1748.31625,2091.36125,1918.6475,1066.125,2023.4975,2625.375,1751.125,34.03,54.13
42.9,997.49,1040.42375,1621.25,1747.76875,2091.1725,1918.58,1066,2022.4425,2625.375,1751.25,34.04,54.15
43.0,997.155,1039.92375,1621.25,1747.33,2090.98375,1918.445,1066,2021.81,2625.375,1751.25,34.04,54.12
43.1,996.70875,1039.29875,1621.25,1746.89125,2090.795,1918.3775,1065.875,2020.96625,2625.375,1751.375,34.01,54.09
43.2,996.37375,1038.92375,1621.25,1746.4525,2090.5425,1918.31,1065.75,2020.1225,2625.375,1751.375,34.01,54.12
43.3,995.9275,1038.29875,1621.375,1746.01375,2090.35375,1918.175,1065.75,2019.27875,2625.25,1751.5,34.01,54.18
43.4,995.48125,1037.79875,1621.375,1745.575,2090.165,1918.10875,1065.625,2018.435,2625.25,1751.5,34.03,54.14
43.5,995.14625,1037.29875,1621.375,1745.13625,2089.97625,1918.04125,1065.5,2017.59125,2625.25,1751.625,34.03,54.14
43.6,994.7,1036.79875,1621.375,1744.6975,2089.7875,1917.97375,1065.375,2016.7475,2625.125,1751.625,34.01,54.13
43.7,994.365,1036.29875,1621.375,1744.25875,2089.53625,1917.90625,1065.375,2015.6925,2625.125,1751.75,34.04,54.16
43.8,993.91875,1035.67375,1621.375,1743.71125,2089.3475,1917.77125,1065.25,2014.84875,2625.125,1751.75,34.01,54.16
43.9,993.4725,1035.17375,1621.375,1743.2725,2089.15875,1917.70375,1065.125,2014.005,2625,1751.875,34.03,54.14
44.0,993.13875,1034.67375,1621.375,1742.83375,2088.97,1917.63625,1065.125,2012.95,2625,1751.875,34,54.16
44.1,992.6925,1034.17375,1621.5,1742.505,2088.71875,1917.56875,1065,2012.3175,2625,1752,34.03,54.13
44.2,992.24625,1033.67375,1621.5,1741.95625,2088.5925,1917.435,1064.875,2011.2625,2625,1752,34.03,54.16
44.3,991.91125,1033.05,1621.5,1741.5175,2088.40375,1917.435,1064.875,2010.41875,2624.875,1752.125,34.05,54.17
44.4,991.465,1032.55,1621.5,1741.07875,2088.15125,1917.3,1064.75,2009.36375,2624.875,1752.125,34.03,54.17
44.5,991.13,1032.05,1621.5,1740.64,2087.9625,1917.2325,1064.75,2008.52,2624.75,1752.25,34.04,54.2
44.6,990.68375,1031.55,1621.5,1740.20125,2087.77375,1917.165,1064.5,2007.67625,2624.75,1752.25,34.04,54.19
44.7,990.34875,1031.05,1621.625,1739.7625,2087.585,1917.0975,1064.5,2006.6225,2624.75,1752.375,34.04,54.15
44.8,989.9025,1030.55,1621.625,1739.32375,2087.39625,1917.03,1064.375,2005.7775,2624.625,1752.375,34.03,54.16
44.9,989.45625,1029.925,1621.625,1738.885,2087.2075,1916.9625,1064.25,2004.93375,2624.625,1752.5,34.05,54.15
45.0,989.01,1029.55,1621.625,1738.55625,2087.01875,1916.82875,1064.25,2003.88,2624.5,1752.5,34.03,54.19
45.1,988.56375,1028.925,1621.625,1738.0075,2086.83,1916.76125,1064.125,2002.825,2624.5,1752.625,34.07,54.16
45.2,988.23,1028.425,1621.75,1737.67875,2086.64125,1916.69375,1064,2001.98125,2624.5,1752.625,34.04,54.19
45.3,987.78375,1027.925,1621.625,1737.24,2086.4525,1916.62625,1063.875,2000.92625,2624.375,1752.75,34.04,54.2
45.4,987.33625,1027.425,1621.625,1736.80125,2086.26375,1916.55875,1063.875,2000.0825,2624.375,1752.75,34.03,54.15
45.5,986.89125,1026.925,1621.75,1736.3625,2086.075,1916.49125,1063.75,1999.23875,2624.375,1752.75,34.01,54.16
45.6,986.55625,1026.425,1621.75,1735.925,2085.82375,1916.42375,1063.625,1998.18375,2624.25,1752.75,34.03,54.19
45.7,986.11,1025.92625,1621.75,1735.48625,2085.635,1916.3575,1063.625,1997.34,2624.125,1752.875,34.05,54.24
45.8,985.775,1025.30125,1621.75,1735.0475,2085.50875,1916.29,1063.5,1996.285,2624.125,1752.875,34.01,54.16
45.9,985.2175,1024.80125,1621.75,1734.60875,2085.2575,1916.2225,1063.375,1995.44125,2624.125,1753,34.04,54.18
46.0,984.8825,1024.30125,1621.75,1734.28,2085.13125,1916.155,1063.375,1994.38625,2624,1753,34.03,54.16
46.1,984.43625,1023.80125,1621.875,1733.84125,2084.9425,1916.02,1063.25,1993.3325,2623.875,1753.125,34,54.22
46.2,983.99,1023.30125,1621.75,1733.4025,2084.75375,1915.9525,1063.125,1992.48875,2623.875,1753.125,34.03,54.2
46.3,983.655,1022.80125,1621.75,1732.96375,2084.565,1915.885,1063,1991.43375,2623.75,1753.125,34.03,54.25
46.4,983.20875,1022.30125,1621.875,1732.525,2084.31375,1915.8175,1063,1990.37875,2623.75,1753.125,34.03,54.2
46.5,982.7625,1021.67625,1621.875,1732.19625,2084.125,1915.75125,1062.75,1989.32375,2623.625,1753.25,34.03,54.2
46.6,982.31625,1021.30125,1621.875,1731.7575,2083.99875,1915.68375,1062.75,1988.48,2623.625,1753.25,34.03,54.2
46.7,981.87,1020.67625,1621.875,1731.31875,2083.81,1915.61625,1062.75,1987.425,2623.5,1753.25,34.01,54.22
46.8,981.42375,1020.17625,1621.875,1730.99,2083.62125,1915.54875,1062.5,1986.37,2623.375,1753.25,34.03,54.2
46.9,981.08875,1019.67625,1621.875,1730.55125,2083.4325,1915.48125,1062.5,1985.52625,2623.375,1753.375,34.05,54.23
47.0,980.6425,1019.17625,1621.875,1730.1125,2083.24375,1915.41375,1062.5,1984.4725,2623.25,1753.375,34.03,54.21
47.1,980.19625,1018.6775,1622,1729.78375,2083.055,1915.34625,1062.375,1983.4175,2623.25,1753.5,34.05,54.23
47.2,979.75,1018.1775,1621.875,1729.345,2082.86625,1915.27875,1062.25,1982.3625,2623.125,1753.5,34.04,54.22
47.3,979.30375,1017.6775,1622,1728.90625,2082.6775,1915.2125,1062.125,1981.3075,2623.125,1753.5,34.03,54.21
47.4,978.97,1017.1775,1622,1728.5775,2082.55125,1915.145,1062.125,1980.46375,2623,1753.5,34.05,54.23
47.5,978.5225,1016.6775,1622,1728.13875,2082.3625,1915.0775,1062,1979.41,2623,1753.625,34.04,54.22
47.6,978.18875,1016.1775,1622,1727.80875,2082.17375,1915.01,1061.875,1978.355,2622.875,1753.75,34.03,54.22
47.7,977.63125,1015.6775,1622,1727.37,2081.985,1914.9425,1061.75,1977.3,2622.875,1753.75,34.04,54.25
47.8,977.29625,1015.1775,1622,1726.9325,2081.79625,1914.875,1061.75,1976.45625,2622.75,1753.75,34.04,54.24
47.9,976.85,1014.6775,1622,1726.6025,2081.6075,1914.8075,1061.625,1975.40125,2622.625,1753.75,34.03,54.26
48.0,976.40375,1014.1775,1622,1726.16375,2081.41875,1914.74,1061.625,1974.34625,2622.625,1753.75,34.01,54.19
48.1,976.06875,1013.6775,1622,1725.725,2081.23,1914.6725,1061.5,1973.2925,2622.5,1753.75,34.01,54.26
48.2,975.6225,1013.1775,1622.125,1725.39625,2081.10375,1914.60625,1061.375,1972.2375,2622.375,1753.875,34.03,54.23
48.3,975.17625,1012.6775,1622.125,1724.9575,2080.915,1914.60625,1061.25,1971.1825,2622.375,1753.875,34.03,54.22
48.4,974.73,1012.1775,1622.125,1724.62875,2080.72625,1914.47125,1061.25,1970.1275,2622.25,1754,34.04,54.22
48.5,974.28375,1011.6775,1622.125,1724.3,2080.5375,1914.40375,1061.125,1969.28375,2622.25,1754,34.03,54.26
48.6,973.8375,1011.17875,1622.125,1723.86125,2080.4125,1914.33625,1061,1968.22875,2622.125,1754,34.04,54.28
48.7,973.39125,1010.67875,1622.125,1723.5325,2080.22375,1914.33625,1061,1967.17375,2622,1754,34.07,54.24
48.8,972.945,1010.17875,1622.125,1723.09375,2080.03375,1914.20125,1060.875,1966.12,2622,1754,34.04,54.22
48.9,972.61,1009.80375,1622.125,1722.765,2079.845,1914.20125,1060.75,1965.065,2621.875,1754.125,34.03,54.25
49.0,972.16375,1009.30375,1622.25,1722.32625,2079.72,1914.0675,1060.75,1964.01,2621.75,1754.125,34.04,54.27
49.1,971.7175,1008.80375,1622.25,1721.9975,2079.53125,1914.0675,1060.625,1962.955,2621.75,1754.25,34.04,54.24
49.2,971.27125,1008.30375,1622.25,1721.55875,2079.3425,1914,1060.5,1961.90125,2621.625,1754.125,34.04,54.25
49.3,970.93625,1007.80375,1622.25,1721.23,2079.15375,1913.9325,1060.5,1960.84625,2621.625,1754.125,34.05,54.27
49.4,970.49,1007.30375,1622.25,1720.9,2079.0275,1913.865,1060.375,1959.79125,2621.5,1754.25,34.04,54.27
49.5,970.04375,1006.80375,1622.25,1720.4625,2078.83875,1913.7975,1060.25,1958.73625,2621.375,1754.25,34.04,54.26
49.6,969.5975,1006.30375,1622.25,1720.1325,2078.65,1913.73,1060.25,1957.68125,2621.25,1754.375,34.04,54.29
49.7,969.15125,1005.80375,1622.25,1719.80375,2078.52375,1913.6625,1060.125,1956.6275,2621.25,1754.25,34.05,54.25
49.8,968.8175,1005.30375,1622.25,1719.365,2078.335,1913.595,1060,1955.5725,2621.125,1754.375,34.05,54.29
49.9,968.25875,1004.92875,1622.375,1719.03625,2078.14625,1913.5275,1060,1954.5175,2621,1754.375,34.04,54.22
50.0,967.92375,1004.42875,1622.375,1718.5975,2078.02125,1913.5275,1059.875,1953.4625,2621,1754.375,34.04,54.27
50.1,967.4775,1003.92875,1622.375,1718.26875,2077.8325,1913.39375,1059.75,1952.40875,2620.875,1754.375,34.05,54.24
50.2,967.0325,1003.43,1622.375,1717.94,2077.64375,1913.39375,1059.625,1951.35375,2620.75,1754.375,34.01,54.26
50.3,966.585,1002.93,1622.375,1717.61,2077.5175,1913.32625,1059.625,1950.29875,2620.625,1754.5,34.04,54.24
50.4,966.25125,1002.43,1622.375,1717.17125,2077.32875,1913.25875,1059.5,1949.24375,2620.625,1754.5,34.04,54.27
50.5,965.805,1002.055,1622.375,1716.8425,2077.14,1913.19125,1059.375,1948.18875,2620.5,1754.5,34.05,54.25
50.6,965.35875,1001.555,1622.375,1716.40375,2076.95125,1913.12375,1059.375,1947.13375,2620.375,1754.5,34.01,54.27
50.7,965.02375,1001.055,1622.375,1716.075,2076.825,1913.05625,1059.25,1946.08,2620.375,1754.625,34.07,54.28
50.8,964.5775,1000.68,1622.375,1715.74625,2076.63625,1912.98875,1059.125,1944.81375,2620.25,1754.625,34.04,54.26
50.9,964.13125,1000.18,1622.5,1715.4175,2076.51,1912.92125,1059,1943.75875,2620.125,1754.625,34.04,54.26
51.0,963.79625,999.68,1622.375,1714.97875,2076.3225,1912.92125,1058.875,1942.915,2620,1754.625,34.05,54.25
51.1,963.35,999.18,1622.5,1714.65,2076.19625,1912.855,1058.875,1941.65,2619.875,1754.625,34.04,54.25
51.2,962.90375,998.805,1622.375,1714.32,2076.0075,1912.7875,1058.75,1940.38375,2619.75,1754.625,34.04,54.27
51.3,962.4575,998.305,1622.5,1713.99125,2075.81875,1912.72,1058.75,1939.54,2619.75,1754.75,34.05,54.29
51.4,962.01125,997.805,1622.5,1713.6625,2075.6925,1912.6525,1058.625,1938.275,2619.625,1754.625,34.03,54.26
51.5,961.565,997.43,1622.5,1713.22375,2075.50375,1912.585,1058.5,1937.22,2619.5,1754.625,34.04,54.27
51.6,961.23,996.93,1622.5,1712.895,2075.3775,1912.5175,1058.5,1936.165,2619.375,1754.75,34.07,54.29
51.7,960.78375,996.43,1622.5,1712.56625,2075.18875,1912.5175,1058.375,1935.11,2619.375,1754.75,34.03,54.29
51.8,960.45,996.05625,1622.5,1712.2375,2075.06375,1912.45,1058.25,1934.05625,2619.25,1754.75,34.01,54.27
51.9,960.00375,995.55625,1622.5,1711.9075,2074.9375,1912.3825,1058.125,1933.00125,2619,1754.75,34.05,54.29
52.0,959.5575,995.18125,1622.5,1711.46875,2074.74875,1912.31625,1058.125,1931.735,2619,1754.75,34.05,54.29
52.1,959.11125,994.68125,1622.625,1711.14,2074.6225,1912.24875,1058,1930.68,2618.875,1754.75,34.04,54.27
52.2,958.77625,994.18125,1622.5,1710.81125,2074.43375,1912.18125,1058,1929.625,2618.75,1754.75,34.03,54.27
52.3,958.33,993.93125,1622.625,1710.4825,2074.30875,1912.11375,1057.875,1928.57125,2618.75,1754.875,34.04,54.27
52.4,957.88375,993.30625,1622.625,1710.15375,2074.12,1912.11375,1057.75,1927.51625,2618.625,1754.875,34.05,54.27
52.5,957.4375,992.93125,1622.625,1709.715,2073.99375,1912.04625,1057.625,1926.46125,2618.5,1754.875,34.04,54.29
52.6,957.1025,992.55625,1622.625,1709.38625,2073.805,1911.97875,1057.625,1925.19625,2618.375,1754.875,34.05,54.27
52.7,956.65625,992.05625,1622.625,1709.16625,2073.67875,1911.91125,1057.5,1924.3525,2618.375,1754.875,34.03,54.27
52.8,956.21,991.68125,1622.625,1708.8375,2073.5525,1911.84375,1057.375,1923.08625,2618.25,1754.875,34.03,54.31
52.9,955.875,991.18125,1622.625,1708.50875,2073.36375,1911.84375,1057.25,1922.03125,2618.125,1754.875,34.05,54.26
53.0,955.42875,990.80625,1622.625,1708.07,2073.23875,1911.77625,1057.25,1920.97625,2618,1754.875,34.04,54.26
53.1,954.9825,990.30625,1622.625,1707.74125,2073.05,1911.71,1057.125,1919.71125,2617.875,1755,34.04,54.28
53.2,954.6475,989.93125,1622.625,1707.41125,2072.92375,1911.6425,1057,1918.65625,2617.75,1754.875,34.04,54.26
53.3,954.20125,989.55625,1622.75,1707.0825,2072.7975,1911.6425,1057,1917.60125,2617.625,1755,34.04,54.29
53.4,953.755,989.18125,1622.75,1706.75375,2072.60875,1911.575,1056.875,1916.54625,2617.625,1754.875,34.05,54.32
53.5,953.42125,988.6825,1622.625,1706.425,2072.48375,1911.5075,1056.75,1915.4925,2617.5,1755,34.05,54.27
53.6,952.975,988.3075,1622.75,1706.09625,2072.3575,1911.44,1056.625,1914.4375,2617.375,1755,34.04,54.28
53.7,952.52875,987.8075,1622.75,1705.76625,2072.16875,1911.3725,1056.625,1913.17125,2617.25,1755,34.05,54.27
53.8,952.19375,987.4325,1622.75,1705.4375,2072.0425,1911.305,1056.5,1912.11625,2617.125,1755,34.04,54.32
53.9,951.7475,987.0575,1622.75,1705.10875,2071.9175,1911.305,1056.5,1911.0625,2617,1755,34.04,54.32
54.0,951.30125,986.6825,1622.75,1704.89,2071.72875,1911.2375,1056.375,1910.0075,2616.875,1755,34.08,54.3
54.1,950.96625,986.1825,1622.75,1704.45125,2071.6025,1911.2375,1056.25,1908.74125,2616.875,1755,34.03,54.28
54.2,950.52,985.8075,1622.75,1704.12125,2071.47625,1911.17125,1056.25,1907.6875,2616.625,1755,34.03,54.31
54.3,950.185,985.4325,1622.75,1703.9025,2071.35125,1911.10375,1056.125,1906.6325,2616.625,1755,34.05,54.31
54.4,949.73875,984.9325,1622.75,1703.57375,2071.1625,1911.03625,1056,1905.5775,2616.5,1755.125,34.03,54.31
54.5,949.2925,984.5575,1622.75,1703.24375,2071.03625,1910.96875,1055.875,1904.31125,2616.375,1755.125,34.07,54.29
54.6,948.95875,984.1825,1622.75,1702.915,2070.91,1910.96875,1055.875,1903.25625,2616.25,1755,34.07,54.29
54.7,948.5125,983.8075,1622.875,1702.58625,2070.785,1910.90125,1055.75,1902.2025,2616.125,1755.125,34.04,54.31
54.8,948.1775,983.4325,1622.875,1702.2575,2070.59625,1910.83375,1055.625,1901.1475,2616,1755.125,34.05,54.32
54.9,947.73125,982.9325,1622.75,1701.92875,2070.47,1910.83375,1055.625,1900.0925,2616,1755.125,34.04,54.29
55.0,947.39625,982.6825,1622.875,1701.6,2070.34375,1910.76625,1055.5,1899.0375,2615.875,1755.125,34.05,54.26
55.1,946.95,982.1825,1622.875,1701.27,2070.21875,1910.69875,1055.375,1897.98375,2615.75,1755.125,34.05,54.3
55.2,946.615,981.9325,1622.875,1701.05125,2070.03,1910.63125,1055.375,1896.7175,2615.625,1755.125,34.05,54.3
55.3,946.16875,981.43375,1622.875,1700.7225,2069.90375,1910.565,1055.25,1895.6625,2615.5,1755.125,34.07,54.33
55.4,945.7225,981.05875,1622.875,1700.39375,2069.7775,1910.565,1055.125,1894.6075,2615.375,1755.125,34.05,54.3
55.5,945.3875,980.68375,1622.875,1700.06375,2069.6525,1910.4975,1055.125,1893.55375,2615.25,1755.125,34.04,54.28
55.6,944.94125,980.30875,1622.875,1699.845,2069.52625,1910.43,1055,1892.2875,2615.125,1755.125,34.04,54.32
55.7,944.6075,979.93375,1622.875,1699.51625,2069.4,1910.43,1054.875,1891.2325,2615,1755.125,34.04,54.31
55.8,944.16125,979.55875,1623,1699.1875,2069.21125,1910.3625,1054.875,1890.17875,2615,1755.125,34.05,54.3
55.9,943.82625,979.18375,1623,1698.9675,2069.14875,1910.295,1054.75,1888.9125,2614.75,1755,34.07,54.3
56.0,943.38,978.93375,1623,1698.63875,2068.96,1910.295,1054.625,1887.8575,2614.625,1755.125,34.05,54.31
56.1,942.93375,978.55875,1623,1698.31,2068.83375,1910.2275,1054.625,1886.80375,2614.625,1755.125,34.05,54.3
56.2,942.59875,978.18375,1623,1697.98125,2068.7075,1910.16,1054.5,1885.7475,2614.5,1755.125,34.04,54.29
56.3,942.1525,977.80875,1623,1697.76125,2068.5825,1910.0925,1054.375,1884.69375,2614.375,1755.125,34.04,54.28
56.4,941.8175,977.43375,1623,1697.4325,2068.45625,1910.0925,1054.375,1883.4275,2614.25,1755.125,34.05,54.3
56.5,941.48375,977.05875,1623,1697.10375,2068.33,1910.025,1054.25,1882.3725,2614.125,1755.125,34.04,54.29
56.6,941.0375,976.80875,1623,1696.775,2068.205,1910.025,1054.125,1881.31875,2614,1755.125,34.04,54.28
56.7,940.59125,976.43375,1623,1696.555,2068.07875,1909.95875,1054.125,1880.26375,2613.875,1755.125,34.04,54.26
56.8,940.25625,976.05875,1623,1696.22625,2067.9525,1909.89125,1054,1879.20875,2613.875,1755.125,34.05,54.32
56.9,939.92125,975.80875,1623,1695.8975,2067.76375,1909.82375,1053.875,1878.15375,2613.625,1755.125,34.05,54.3
57.0,939.475,975.43375,1623.125,1695.6775,2067.70125,1909.82375,1053.75,1876.88875,2613.625,1755.125,34.05,54.31
57.1,939.14,975.05875,1623.125,1695.34875,2067.5125,1909.75625,1053.75,1875.83375,2613.5,1755.125,34.04,54.27
57.2,938.69375,974.68375,1623,1695.13,2067.44875,1909.75625,1053.625,1874.5675,2613.375,1755.125,34.07,54.3
57.3,938.36,974.43375,1623,1694.8,2067.32375,1909.68875,1053.5,1873.72375,2613.25,1755.125,34.07,54.34
57.4,938.025,974.05875,1623.125,1694.58125,2067.1975,1909.62125,1053.5,1872.67,2613.125,1755.125,34.05,54.33
57.5,937.57875,973.80875,1623.125,1694.2525,2067.0725,1909.62125,1053.375,1871.40375,2613,1755.125,34.05,54.31
57.6,937.24375,973.435,1623.125,1694.0325,2066.94625,1909.62125,1053.25,1870.34875,2612.875,1755.125,34.05,54.32
57.7,936.7975,973.185,1623.25,1693.70375,2066.82,1909.55375,1053.25,1869.505,2612.75,1755.125,34.05,54.3
57.8,936.4625,972.81,1623.125,1693.48375,2066.695,1909.48625,1053.125,1868.23875,2612.625,1755.125,34.05,54.3
57.9,936.1275,972.435,1623.125,1693.155,2066.56875,1909.48625,1053.125,1867.185,2612.5,1755.125,34.05,54.33
58.0,935.68125,972.185,1623.125,1692.93625,2066.4425,1909.42,1053,1866.13,2612.375,1755.125,34.05,54.33
58.1,935.3475,971.935,1623.125,1692.6075,2066.31625,1909.3525,1052.875,1865.075,2612.25,1755.125,34.04,54.32
58.2,935.0125,971.56,1623.125,1692.2775,2066.19125,1909.3525,1052.875,1863.81,2612.25,1755.125,34.05,54.3
58.3,934.56625,971.31,1623.25,1692.05875,2066.065,1909.285,1052.75,1862.755,2612.125,1755.125,34.05,54.33
58.4,934.23125,970.935,1623.25,1691.83875,2065.93875,1909.2175,1052.625,1861.7,2612,1755.125,34.05,54.31
58.5,933.89625,970.685,1623.25,1691.51,2065.87625,1909.2175,1052.5,1860.645,2611.875,1755.125,34.05,54.3
58.6,933.45,970.435,1623.25,1691.29125,2065.6875,1909.15,1052.5,1859.59125,2611.75,1755.125,34.07,54.33
58.7,933.11625,970.06,1623.25,1691.07125,2065.625,1909.15,1052.375,1858.53625,2611.625,1755.125,34.05,54.29
58.8,932.67,969.81,1623.25,1690.7425,2065.49875,1909.0825,1052.25,1857.48125,2611.5,1755.125,34.04,54.29
58.9,932.335,969.56,1623.25,1690.52375,2065.3725,1909.015,1052.25,1856.42625,2611.375,1755.125,34.08,54.35
59.0,932,969.31,1623.25,1690.19375,2065.2475,1909.015,1052.125,1855.16125,2611.25,1755.25,34.05,54.32
59.1,931.55375,968.935,1623.25,1689.975,2065.18375,1909.015,1052.125,1854.10625,2611.125,1755.125,34.05,54.32
59.2,931.21875,968.685,1623.25,1689.64625,2065.05875,1908.9475,1052,1853.05125,2611,1755.125,34.04,54.32
59.3,930.885,968.435,1623.375,1689.42625,2064.9325,1908.88,1051.875,1851.99625,2610.875,1755.125,34.05,54.3
59.4,930.55,968.185,1623.375,1689.2075,2064.80625,1908.88,1051.875,1850.9425,2610.75,1755.125,34.04,54.28
59.5,930.10375,967.81,1623.375,1688.87875,2064.68125,1908.81375,1051.75,1849.8875,2610.75,1755.125,34.04,54.32
59.6,929.76875,967.56,1623.375,1688.65875,2064.6175,1908.81375,1051.75,1848.8325,2610.625,1755.125,34.07,54.27
59.7,929.43375,967.31,1623.375,1688.44,2064.4925,1908.74625,1051.625,1847.7775,2610.375,1755.125,34.05,54.31
59.8,929.1,967.06,1623.375,1688.22,2064.36625,1908.74625,1051.5,1846.7225,2610.375,1755.125,34.04,54.33
59.9,928.6525,966.81,1623.375,1687.89125,2064.24,1908.67875,1051.375,1845.4575,2610.25,1755.125,34.07,54.33
60.0,928.31875,966.56,1623.375,1687.6725,2064.1775,1908.67875,1051.375,1844.4025,2610.125,1755.125,34.07,54.3
60.1,927.98375,966.18625,1623.5,1687.4525,2064.05125,1908.61125,1051.25,1843.3475,2610,1755.125,34.07,54.34
60.2,927.64875,966.06125,1623.5,1687.12375,2063.92625,1908.61125,1051.125,1842.2925,2609.875,1755.125,34.05,54.32
60.3,927.315,965.81125,1623.5,1686.905,2063.8625,1908.54375,1051.125,1841.23875,2609.75,1755.125,34.04,54.33
60.4,926.8675,965.56125,1623.5,1686.685,2063.67375,1908.54375,1051,1840.1825,2609.625,1755.125,34.05,54.33
60.5,926.53375,965.31125,1623.5,1686.46625,2063.61125,1908.47625,1050.875,1839.12875,2609.5,1755.125,34.05,54.32
60.6,926.19875,965.06125,1623.5,1686.1375,2063.485,1908.40875,1050.875,1838.07375,2609.375,1755.125,34.05,54.3
60.7,925.86375,964.81125,1623.5,1685.9175,2063.4225,1908.40875,1050.75,1837.01875,2609.375,1755.125,34.08,54.38
60.8,925.4175,964.56125,1623.5,1685.69875,2063.29625,1908.34125,1050.75,1835.96375,2609.125,1755.125,34.07,54.31
60.9,925.195,964.31125,1623.5,1685.47875,2063.17,1908.34125,1050.625,1834.91,2609.125,1755.125,34.07,54.3
61.0,924.86,964.06125,1623.5,1685.15,2063.1075,1908.34125,1050.5,1833.855,2609,1755.125,34.05,54.3
61.1,924.41375,963.81125,1623.5,1684.93,2062.98125,1908.275,1050.375,1832.8,2608.875,1755.125,34.07,54.33
61.2,924.07875,963.68625,1623.625,1684.71125,2062.91875,1908.2075,1050.375,1831.745,2608.75,1755.25,34.05,54.35
61.3,923.85625,963.43625,1623.625,1684.4925,2062.7925,1908.2075,1050.25,1830.69,2608.625,1755.125,34.05,54.32
61.4,923.41,963.18625,1623.5,1684.2725,2062.6675,1908.14,1050.25,1829.63625,2608.5,1755.25,34.05,54.29
61.5,923.075,962.93625,1623.625,1684.05375,2062.60375,1908.14,1050.125,1828.58125,2608.375,1755.125,34.05,54.29
61.6,922.74,962.68625,1623.625,1683.83375,2062.47875,1908.0725,1050.125,1827.7375,2608.25,1755.25,34.04,54.33
61.7,922.405,962.43625,1623.625,1683.615,2062.415,1908.0725,1050,1826.47125,2608.25,1755.25,34.05,54.35
61.8,922.07125,962.31125,1623.625,1683.28625,2062.29,1908.005,1049.875,1825.4175,2608.125,1755.25,34.07,54.33
61.9,921.73625,962.06125,1623.625,1683.06625,2062.16375,1908.005,1049.875,1824.78375,2608,1755.25,34.07,54.34
62.0,921.29,961.81125,1623.625,1682.8475,2062.10125,1908.005,1049.75,1823.73,2607.875,1755.25,34.07,54.33
62.1,921.06625,961.56125,1623.625,1682.6275,2061.975,1907.9375,1049.625,1822.675,2607.75,1755.25,34.05,54.31
62.2,920.62,961.31125,1623.75,1682.40875,2061.9125,1907.9375,1049.625,1821.62,2607.625,1755.25,34.05,54.35
62.3,920.3975,961.18625,1623.75,1682.18875,2061.78625,1907.87,1049.5,1820.565,2607.5,1755.25,34.05,54.33
62.4,919.95125,960.93625,1623.75,1681.86,2061.72375,1907.8025,1049.5,1819.51,2607.375,1755.25,34.08,54.32
62.5,919.61625,960.81125,1623.75,1681.75,2061.5975,1907.8025,1049.375,1818.455,2607.25,1755.25,34.07,54.31
62.6,919.28125,960.68625,1623.75,1681.42125,2061.535,1907.8025,1049.25,1817.40125,2607.125,1755.25,34.05,54.35
62.7,918.9475,960.31125,1623.75,1681.2025,2061.40875,1907.735,1049.125,1816.34625,2607,1755.25,34.03,54.29
62.8,918.6125,960.18625,1623.75,1680.9825,2061.2825,1907.66875,1049.125,1815.29125,2607,1755.25,34.05,54.33
62.9,918.2775,959.93625,1623.75,1680.76375,2061.22,1907.66875,1049,1814.23625,2606.875,1755.25,34.07,54.31
63.0,917.9425,959.81125,1623.75,1680.54375,2061.15625,1907.60125,1048.875,1813.3925,2606.75,1755.25,34.07,54.33
63.1,917.72,959.56125,1623.75,1680.325,2061.03125,1907.60125,1048.875,1812.3375,2606.625,1755.25,34.05,54.31
63.2,917.27375,959.31125,1623.875,1680.105,2060.905,1907.60125,1048.875,1811.28375,2606.5,1755.25,34.07,54.33
63.3,916.93875,959.18625,1623.875,1679.88625,2060.8425,1907.53375,1048.75,1810.22875,2606.375,1755.25,34.04,54.27
63.4,916.60375,958.9375,1623.875,1679.66625,2060.78,1907.46625,1048.625,1809.17375,2606.25,1755.125,34.05,54.3
63.5,916.26875,958.6875,1623.875,1679.4475,2060.65375,1907.46625,1048.625,1808.11875,2606.125,1755.25,34.07,54.34
63.6,916.04625,958.5625,1623.875,1679.2275,2060.59125,1907.46625,1048.375,1807.065,2606,1755.125,34.07,54.31
63.7,915.71125,958.3125,1623.875,1679.00875,2060.465,1907.39875,1048.375,1806.22125,2605.875,1755.25,34.05,54.29
63.8,915.37625,958.1875,1623.875,1678.78875,2060.4025,1907.39875,1048.375,1805.16625,2605.75,1755.125,34.08,54.3
63.9,915.0425,958.0625,1623.875,1678.57,2060.27625,1907.33125,1048.25,1804.11125,2605.75,1755.125,34.04,54.27
64.0,914.7075,957.8125,1623.875,1678.35,2060.2125,1907.33125,1048.125,1803.05625,2605.625,1755.125,34.05,54.35
64.1,914.3725,957.6875,1623.875,1678.13125,2060.15,1907.26375,1048.125,1802.2125,2605.5,1755.25,34.04,54.28
64.2,914.0375,957.4375,1623.875,1678.02125,2060.02375,1907.26375,1048,1801.1575,2605.25,1755.25,34.05,54.32
64.3,913.70375,957.1875,1623.875,1677.8025,2059.96125,1907.26375,1047.875,1800.1025,2605.125,1755.125,34.07,54.3
64.4,913.48,957.0625,1623.875,1677.47375,2059.835,1907.19625,1047.75,1799.04875,2605.125,1755.25,34.07,54.31
64.5,913.145,956.9375,1624,1677.36375,2059.7725,1907.12875,1047.75,1797.99375,2605,1755.25,34.05,54.3
64.6,912.81125,956.6875,1624,1677.14375,2059.71,1907.12875,1047.75,1796.93875,2604.875,1755.25,34.08,54.33
64.7,912.47625,956.4375,1624,1676.925,2059.58375,1907.12875,1047.625,1796.095,2604.75,1755.25,34.08,54.34
64.8,912.14125,956.3125,1624,1676.70625,2059.52125,1907.0625,1047.5,1795.04,2604.625,1755.25,34.04,54.28
64.9,911.80625,956.1875,1624,1676.48625,2059.395,1907.0625,1047.5,1793.985,2604.5,1755.25,34.07,54.31
65.0,911.58375,955.9375,1624,1676.2675,2059.3325,1906.995,1047.375,1793.14125,2604.375,1755.25,34.08,54.3
65.1,911.24875,955.8125,1624.125,1676.0475,2059.26875,1906.995,1047.375,1792.0875,2604.375,1755.25,34.08,54.33
65.2,910.91375,955.5625,1624.125,1675.82875,2059.14375,1906.995,1047.125,1791.0325,2604.25,1755.125,34.08,54.32
65.3,910.58,955.4375,1624.125,1675.71875,2059.08,1906.9275,1047.125,1789.9775,2604.125,1755.25,34.05,54.32
65.4,910.245,955.3125,1624.125,1675.5,2058.955,1906.9275,1047,1789.13375,2604,1755.125,34.05,54.29
65.5,909.91,955.0625,1624.125,1675.28,2058.955,1906.86,1047,1788.07875,2603.875,1755.125,34.07,54.3
65.6,909.6875,954.9375,1624.125,1675.06125,2058.82875,1906.86,1046.875,1787.235,2603.75,1755.25,34.04,54.31
65.7,909.3525,954.8125,1624.125,1674.95125,2058.76625,1906.86,1046.875,1785.97,2603.625,1755.25,34.07,54.29
65.8,909.0175,954.5625,1624.125,1674.73125,2058.64,1906.7925,1046.75,1785.125,2603.5,1755.25,34.07,54.3
65.9,908.79375,954.4375,1624.25,1674.5125,2058.5775,1906.725,1046.75,1784.07125,2603.375,1755.25,34.05,54.31
66.0,908.46,954.3125,1624.25,1674.29375,2058.51375,1906.725,1046.625,1783.2275,2603.25,1755.25,34.05,54.33
66.1,908.125,954.0625,1624.25,1674.07375,2058.38875,1906.6575,1046.625,1782.1725,2603.125,1755.25,34.07,54.3
66.2,907.79,953.9375,1624.25,1673.96375,2058.325,1906.6575,1046.5,1781.1175,2603.125,1755.25,34.05,54.3
66.3,907.5675,953.8125,1624.25,1673.635,2058.2625,1906.6575,1046.375,1780.0625,2603,1755.25,34.05,54.31
66.4,907.2325,953.5625,1624.25,1673.525,2058.2,1906.59,1046.25,1779.43,2602.875,1755.25,34.05,54.3
66.5,906.8975,953.4375,1624.25,1673.30625,2058.13625,1906.59,1046.125,1778.375,2602.75,1755.25,34.05,54.32
66.6,906.675,953.3125,1624.375,1673.08625,2058.01125,1906.5225,1046.125,1777.32125,2602.625,1755.25,34.08,54.29
66.7,906.34,953.0625,1624.375,1672.9775,2057.9475,1906.5225,1046.125,1776.26625,2602.5,1755.25,34.07,54.31
66.8,906.11625,952.9375,1624.375,1672.7575,2057.885,1906.5225,1046,1775.42125,2602.375,1755.25,34.07,54.27
66.9,905.7825,952.8125,1624.375,1672.53875,2057.8225,1906.45625,1045.875,1774.3675,2602.25,1755.25,34.07,54.3
67.0,905.55875,952.5625,1624.375,1672.31875,2057.69625,1906.38875,1045.875,1773.52375,2602.125,1755.25,34.05,54.31
67.1,905.22375,952.4375,1624.375,1672.21,2057.63375,1906.38875,1045.75,1772.46875,2602.125,1755.25,34.07,54.33
67.2,904.89,952.3125,1624.375,1671.99,2057.57,1906.38875,1045.75,1771.41375,2602,1755.25,34.07,54.3
67.3,904.66625,952.1875,1624.5,1671.77125,2057.445,1906.32125,1045.625,1770.57,2601.875,1755.25,34.07,54.29
67.4,904.33125,951.9375,1624.5,1671.66125,2057.38125,1906.32125,1045.5,1769.515,2601.75,1755.25,34.07,54.31
67.5,903.9975,951.81375,1624.375,1671.4425,2057.31875,1906.32125,1045.5,1768.46125,2601.625,1755.25,34.08,54.32
67.6,903.6625,951.68875,1624.5,1671.2225,2057.25625,1906.25375,1045.375,1767.40625,2601.5,1755.25,34.07,54.28
67.7,903.43875,951.56375,1624.5,1671.00375,2057.1925,1906.25375,1045.375,1766.5625,2601.375,1755.25,34.05,54.29
67.8,903.105,951.31375,1624.5,1670.89375,2057.13,1906.25375,1045.25,1765.5075,2601.25,1755.25,34.08,54.28
67.9,902.88125,951.18875,1624.5,1670.67375,2057.00375,1906.18625,1045.125,1764.66375,2601.125,1755.25,34.07,54.31
68.0,902.54625,950.93875,1624.5,1670.565,2056.94125,1906.18625,1045.125,1763.60875,2601,1755.25,34.05,54.3
68.1,902.32375,950.81375,1624.5,1670.345,2056.8775,1906.11875,1045,1762.765,2600.875,1755.125,34.07,54.33
68.2,901.98875,950.68875,1624.625,1670.12625,2056.815,1906.11875,1044.875,1761.71,2600.75,1755.25,34.08,54.29
68.3,901.65375,950.43875,1624.5,1669.90625,2056.7525,1906.11875,1044.875,1760.86625,2600.75,1755.125,34.08,54.32
68.4,901.43125,950.31375,1624.625,1669.79625,2056.62625,1906.05125,1044.75,1759.8125,2600.625,1755.25,34.07,54.28
68.5,901.09625,950.18875,1624.625,1669.5775,2056.56375,1906.05125,1044.75,1758.7575,2600.5,1755.25,34.05,54.26
68.6,900.87375,950.06375,1624.625,1669.4675,2056.5,1906.05125,1044.625,1757.91375,2600.375,1755.25,34.08,54.29
68.7,900.65,949.93875,1624.625,1669.24875,2056.4375,1905.98375,1044.625,1756.85875,2600.25,1755.25,34.08,54.32
68.8,900.315,949.68875,1624.625,1669.02875,2056.375,1905.91625,1044.5,1756.015,2600.125,1755.25,34.05,54.31
68.9,899.98125,949.56375,1624.625,1668.92,2056.31125,1905.91625,1044.375,1754.96,2600.125,1755.25,34.08,54.28
69.0,899.7575,949.43875,1624.625,1668.7,2056.24875,1905.91625,1044.25,1753.905,2599.875,1755.25,34.07,54.31
69.1,899.4225,949.18875,1624.75,1668.48125,2056.18625,1905.91625,1044.25,1753.06125,2599.875,1755.25,34.08,54.28
69.2,899.2,949.06375,1624.75,1668.37125,2056.06,1905.85,1044.25,1752.00625,2599.75,1755.25,34.07,54.33
69.3,898.97625,948.93875,1624.75,1668.15125,2055.9975,1905.85,1044.125,1751.1625,2599.625,1755.25,34.05,54.31
69.4,898.6425,948.81375,1624.75,1668.0425,2055.93375,1905.85,1044,1750.31875,2599.5,1755.25,34.07,54.29
69.5,898.41875,948.68875,1624.75,1667.8225,2055.87125,1905.7825,1044,1749.265,2599.375,1755.25,34.08,54.3
69.6,898.195,948.43875,1624.75,1667.60375,2055.80875,1905.7825,1043.875,1748.42,2599.25,1755.25,34.08,54.28
69.7,897.86125,948.31375,1624.75,1667.49375,2055.745,1905.715,1043.875,1747.36625,2599.125,1755.25,34.07,54.28
69.8,897.6375,948.18875,1624.875,1667.275,2055.6825,1905.715,1043.75,1746.31125,2599,1755.25,34.04,54.28
69.9,897.30375,948.06375,1624.875,1667.165,2055.55625,1905.6475,1043.625,1745.4675,2599,1755.25,34.07,54.31
70.0,897.08,947.81375,1624.875,1666.945,2055.49375,1905.6475,1043.625,1744.62375,2598.875,1755.25,34.1,54.28
70.1,896.745,947.68875,1624.875,1666.72625,2055.49375,1905.6475,1043.5,1743.56875,2598.75,1755.25,34.07,54.29
70.2,896.5225,947.56375,1624.875,1666.61625,2055.3675,1905.6475,1043.375,1742.725,2598.625,1755.25,34.08,54.3
70.3,896.1875,947.43875,1624.875,1666.3975,2055.305,1905.58,1043.375,1741.88125,2598.5,1755.25,34.08,54.29
70.4,895.96375,947.18875,1624.875,1666.2875,2055.2425,1905.58,1043.25,1740.82625,2598.375,1755.25,34.08,54.32
70.5,895.74125,947.06375,1624.875,1666.06875,2055.17875,1905.58,1043.25,1739.9825,2598.25,1755.25,34.05,54.3
70.6,895.5175,946.93875,1625,1665.95875,2055.11625,1905.5125,1043.125,1738.9275,2598.25,1755.25,34.05,54.3
70.7,895.18375,946.81375,1625,1665.73875,2055.05375,1905.5125,1043,1738.08375,2598,1755.25,34.07,54.31
70.8,894.96,946.56375,1625,1665.63,2054.99,1905.445,1043,1737.24,2597.875,1755.25,34.05,54.29
70.9,894.625,946.43875,1625,1665.41,2054.9275,1905.445,1042.875,1736.185,2597.875,1755.25,34.1,54.3
71.0,894.4025,946.31375,1625,1665.3,2054.86375,1905.445,1042.875,1735.34125,2597.75,1755.25,34.08,54.3
71.1,894.17875,946.18875,1625,1665.19125,2054.80125,1905.445,1042.75,1734.4975,2597.625,1755.125,34.08,54.28
71.2,893.845,945.93875,1625,1664.97125,2054.73875,1905.3775,1042.625,1733.65375,2597.5,1755.25,34.08,54.28
71.3,893.62125,945.81375,1625.125,1664.7525,2054.67625,1905.3775,1042.625,1732.6,2597.375,1755.25,34.07,54.28
71.4,893.39875,945.68875,1625.125,1664.6425,2054.6125,1905.31,1042.5,1731.75625,2597.375,1755.375,34.07,54.27
71.5,893.06375,945.56375,1625.125,1664.5325,2054.55,1905.31,1042.5,1730.9125,2597.25,1755.25,34.05,54.25
71.6,892.84,945.31375,1625.125,1664.31375,2054.4875,1905.31,1042.375,1729.8575,2597.125,1755.25,34.07,54.22
71.7,892.6175,945.18875,1625.125,1664.20375,2054.42375,1905.24375,1042.25,1729.01375,2597,1755.25,34.07,54.29
71.8,892.39375,945.06375,1625.125,1663.985,2054.36125,1905.24375,1042.25,1728.17,2596.875,1755.25,34.1,54.29
71.9,892.06,944.81375,1625.125,1663.875,2054.29875,1905.24375,1042.125,1727.115,2596.75,1755.25,34.07,54.28
72.0,891.83625,944.68875,1625.125,1663.65625,2054.235,1905.17625,1042.125,1726.27125,2596.625,1755.25,34.07,54.28
72.1,891.61375,944.565,1625.125,1663.54625,2054.1725,1905.17625,1042,1725.4275,2596.5,1755.25,34.05,54.27
72.2,891.27875,944.44,1625.25,1663.32625,2054.11,1905.17625,1042,1724.58375,2596.375,1755.25,34.07,54.3
72.3,891.055,944.19,1625.125,1663.2175,2054.04625,1905.10875,1041.875,1723.74,2596.25,1755.25,34.05,54.27
72.4,890.8325,944.065,1625.25,1662.9975,2053.98375,1905.10875,1041.75,1722.89625,2596.125,1755.125,34.07,54.31
72.5,890.60875,943.94,1625.25,1662.8875,2053.92,1905.10875,1041.75,1721.84125,2596.125,1755.25,34.07,54.27
72.6,890.275,943.69,1625.25,1662.66875,2053.8575,1905.04125,1041.625,1720.9975,2596,1755.25,34.07,54.29
72.7,890.05125,943.565,1625.25,1662.55875,2053.795,1905.04125,1041.625,1720.15375,2595.875,1755.25,34.07,54.28
72.8,889.82875,943.44,1625.375,1662.44875,2053.73125,1905.04125,1041.5,1719.09875,2595.75,1755.25,34.07,54.23
72.9,889.605,943.315,1625.375,1662.23,2053.66875,1904.97375,1041.375,1718.255,2595.625,1755.25,34.05,54.29
73.0,889.3825,943.065,1625.375,1662.12,2053.60625,1904.97375,1041.375,1717.41125,2595.625,1755.25,34.08,54.25
73.1,889.15875,942.94,1625.375,1662.01125,2053.5425,1904.97375,1041.25,1716.5675,2595.5,1755.25,34.07,54.24
73.2,888.82375,942.69,1625.375,1661.79125,2053.48,1904.90625,1041.25,1715.5125,2595.25,1755.25,34.07,54.27
73.3,888.60125,942.69,1625.375,1661.68125,2053.48,1904.90625,1041.125,1714.66875,2595.25,1755.125,34.07,54.25
73.4,888.3775,942.44,1625.375,1661.4625,2053.4175,1904.90625,1041.125,1713.825,2595.125,1755.25,34.08,54.29
73.5,888.155,942.315,1625.375,1661.3525,2053.35375,1904.83875,1041,1712.98125,2595,1755.25,34.07,54.27
73.6,887.93125,942.065,1625.5,1661.2425,2053.29125,1904.83875,1040.875,1712.1375,2594.875,1755.25,34.08,54.29
73.7,887.70875,941.94,1625.5,1661.02375,2053.22875,1904.83875,1040.875,1711.0825,2594.75,1755.25,34.08,54.24
73.8,887.485,941.815,1625.5,1660.91375,2053.16625,1904.83875,1040.75,1710.23875,2594.625,1755.25,34.08,54.25
73.9,887.15,941.565,1625.5,1660.805,2053.1025,1904.77125,1040.75,1709.395,2594.625,1755.25,34.1,54.26
74.0,886.9275,941.565,1625.5,1660.585,2053.04,1904.77125,1040.75,1708.55125,2594.5,1755.25,34.08,54.27
74.1,886.70375,941.315,1625.5,1660.475,2052.97625,1904.70375,1040.625,1707.7075,2594.375,1755.125,34.08,54.24
74.2,886.48125,941.065,1625.625,1660.25625,2052.91375,1904.70375,1040.5,1706.6525,2594.25,1755.25,34.07,54.27
74.3,886.2575,940.94,1625.5,1660.14625,2052.85125,1904.70375,1040.5,1705.80875,2594.125,1755.25,34.07,54.25
74.4,886.035,940.815,1625.625,1660.03625,2052.7875,1904.6375,1040.375,1704.965,2594.125,1755.25,34.1,54.26
74.5,885.81125,940.565,1625.625,1659.9275,2052.725,1904.6375,1040.25,1703.91125,2593.875,1755.25,34.07,54.25
74.6,885.58875,940.44,1625.625,1659.7075,2052.6625,1904.6375,1040.25,1703.0675,2593.75,1755.25,34.08,54.25
74.7,885.365,940.315,1625.625,1659.59875,2052.6625,1904.6375,1040.125,1702.2225,2593.75,1755.125,34.08,54.24
74.8,885.1425,940.19,1625.625,1659.37875,2052.59875,1904.57,1040,1701.37875,2593.625,1755.125,34.1,54.28
74.9,884.91875,939.94,1625.625,1659.26875,2052.53625,1904.57,1040,1700.535,2593.5,1755.25,34.1,54.26
75.0,884.585,939.815,1625.625,1659.16,2052.47375,1904.57,1039.875,1699.69125,2593.375,1755.25,34.08,54.24
75.1,884.36125,939.69,1625.625,1658.94,2052.41,1904.57,1039.875,1698.8475,2593.25,1755.25,34.11,54.22
75.2,884.13875,939.44,1625.75,1658.83,2052.3475,1904.5025,1039.875,1698.00375,2593.125,1755.125,34.08,54.27
75.3,883.915,939.315,1625.75,1658.72125,2052.3475,1904.5025,1039.75,1697.16,2593.125,1755.125,34.08,54.25
75.4,883.6925,939.19,1625.75,1658.50125,2052.285,1904.435,1039.625,1696.31625,2593,1755.125,34.08,54.23
75.5,883.46875,938.94,1625.75,1658.39125,2052.22125,1904.435,1039.625,1695.26125,2592.875,1755.25,34.08,54.23
75.6,883.24625,938.815,1625.75,1658.2825,2052.15875,1904.435,1039.5,1694.62875,2592.75,1755.25,34.08,54.24
75.7,883.13375,938.69,1625.875,1658.0625,2052.09625,1904.435,1039.375,1693.785,2592.625,1755.125,34.08,54.22
75.8,882.8,938.44,1625.75,1657.9525,2052.0325,1904.435,1039.375,1692.51875,2592.5,1755.125,34.08,54.23
75.9,882.57625,938.315,1625.875,1657.84375,2052.0325,1904.3675,1039.25,1691.675,2592.5,1755.25,34.08,54.27
76.0,882.35375,938.19,1625.75,1657.62375,2051.97,1904.3675,1039.25,1690.83125,2592.25,1755.25,34.08,54.27
76.1,882.13,937.94,1625.875,1657.515,2051.84375,1904.3,1039.125,1689.9875,2592.25,1755.25,34.08,54.24
76.2,881.9075,937.815,1625.875,1657.405,2051.84375,1904.3,1039,1689.14375,2592.125,1755.25,34.07,54.25
76.3,881.68375,937.69,1625.875,1657.295,2051.78125,1904.3,1039,1688.3,2592,1755.25,34.07,54.23
76.4,881.5725,937.44,1625.875,1657.185,2051.71875,1904.3,1039,1687.45625,2591.875,1755.125,34.07,54.22
76.5,881.2375,937.315,1625.875,1656.96625,2051.71875,1904.2325,1038.875,1686.6125,2591.75,1755.125,34.07,54.27
76.6,881.015,937.19,1625.875,1656.85625,2051.655,1904.2325,1038.75,1685.76875,2591.75,1755.25,34.08,54.19
76.7,880.9025,936.94,1625.875,1656.74625,2051.5925,1904.165,1038.625,1684.925,2591.625,1755.125,34.08,54.22
76.8,880.68,936.815,1625.875,1656.6375,2051.53,1904.165,1038.625,1684.08125,2591.5,1755.25,34.07,54.23
76.9,880.345,936.69,1626,1656.4175,2051.46625,1904.165,1038.5,1683.2375,2591.375,1755.25,34.07,54.23
77.0,880.23375,936.44125,1626,1656.3075,2051.40375,1904.09875,1038.5,1682.39375,2591.25,1755.125,34.08,54.25
77.1,880.01,936.31625,1626,1656.19875,2051.40375,1904.09875,1038.375,1681.55,2591.125,1755.125,34.1,54.26
77.2,879.7875,936.06625,1626,1656.08875,2051.34125,1904.09875,1038.375,1680.9175,2591,1755.125,34.08,54.22
77.3,879.56375,935.94125,1626,1655.86875,2051.2775,1904.09875,1038.375,1679.8625,2590.875,1755.125,34.08,54.21
77.4,879.34125,935.81625,1626,1655.76,2051.2775,1904.09875,1038.25,1679.23,2590.875,1755.125,34.1,54.22
77.5,879.1175,935.56625,1626.125,1655.65,2051.215,1904.03125,1038.125,1678.38625,2590.75,1755.125,34.1,54.23
77.6,878.895,935.44125,1626.125,1655.54,2051.1525,1904.03125,1038,1677.5425,2590.625,1755.125,34.07,54.22
77.7,878.78375,935.31625,1626.125,1655.32125,2051.08875,1903.96375,1038,1676.69875,2590.5,1755.125,34.08,54.23
77.8,878.44875,935.06625,1626.125,1655.21125,2051.08875,1903.96375,1038,1675.855,2590.375,1755.125,34.08,54.23
77.9,878.33625,934.94125,1626.125,1655.10125,2050.96375,1903.96375,1037.875,1675.01125,2590.25,1755.125,34.07,54.24
78.0,878.11375,934.69125,1626.25,1654.9925,2050.96375,1903.96375,1037.75,1674.3775,2590.25,1755.125,34.07,54.23
78.1,877.89,934.56625,1626.125,1654.8825,2050.9,1903.96375,1037.75,1673.53375,2590.125,1755.125,34.08,54.19
78.2,877.6675,934.31625,1626.25,1654.7725,2050.8375,1903.89625,1037.75,1672.69,2590,1755.125,34.08,54.24
78.3,877.445,934.19125,1626.125,1654.55375,2050.8375,1903.89625,1037.625,1671.84625,2589.875,1755.125,34.08,54.23
78.4,877.22125,934.06625,1626.25,1654.44375,2050.775,1903.82875,1037.5,1671.0025,2589.875,1755.125,34.08,54.19
78.5,877.11,933.94125,1626.25,1654.225,2050.71125,1903.89625,1037.5,1670.15875,2589.75,1755.125,34.07,54.2
78.6,876.88625,933.69125,1626.25,1654.225,2050.71125,1903.82875,1037.375,1669.52625,2589.625,1755.125,34.08,54.23
78.7,876.66375,933.56625,1626.25,1654.005,2050.64875,1903.82875,1037.25,1668.47125,2589.5,1755.125,34.08,54.21
78.8,876.44,933.31625,1626.25,1653.895,2050.585,1903.82875,1037.25,1667.83875,2589.375,1755.125,34.1,54.23
78.9,876.2175,933.19125,1626.375,1653.78625,2050.5225,1903.76125,1037.125,1666.995,2589.25,1755.125,34.07,54.22
79.0,876.105,933.06625,1626.375,1653.67625,2050.5225,1903.76125,1037.125,1666.36125,2589.25,1755.125,34.1,54.21
79.1,875.77125,932.94125,1626.375,1653.56625,2050.46,1903.76125,1037.125,1665.30625,2589.125,1755.125,34.05,54.21
79.2,875.5475,932.69125,1626.375,1653.3475,2050.39625,1903.76125,1037,1664.67375,2589,1755.125,34.07,54.23
79.3,875.43625,932.56625,1626.375,1653.2375,2050.33375,1903.76125,1036.875,1663.61875,2588.875,1755.125,34.08,54.21
79.4,875.2125,932.31625,1626.375,1653.1275,2050.33375,1903.69375,1036.875,1662.98625,2588.75,1755.125,34.07,54.24
79.5,874.99,932.19125,1626.375,1653.01875,2050.27125,1903.69375,1036.75,1662.1425,2588.625,1755.125,34.08,54.24
79.6,874.87875,932.06625,1626.375,1652.90875,2050.2075,1903.69375,1036.625,1661.29875,2588.625,1755.125,34.1,54.23
79.7,874.655,931.94125,1626.375,1652.79875,2050.2075,1903.62625,1036.625,1660.66625,2588.375,1755,34.1,54.21
79.8,874.4325,931.69125,1626.5,1652.68875,2050.145,1903.62625,1036.625,1659.8225,2588.375,1755,34.1,54.23
79.9,874.20875,931.56625,1626.5,1652.47,2050.0825,1903.62625,1036.5,1658.97875,2588.25,1755,34.07,54.18
80.0,874.0975,931.44125,1626.5,1652.36,2050.01875,1903.55875,1036.375,1658.34625,2588.125,1755,34.07,54.22
80.1,873.87375,931.19125,1626.5,1652.25,2049.95625,1903.62625,1036.375,1657.5025,2588,1755,34.08,54.21
80.2,873.65125,931.06625,1626.5,1652.14125,2049.95625,1903.55875,1036.25,1656.65875,2587.875,1755,34.1,54.18
80.3,873.4275,930.81625,1626.625,1652.03125,2049.89375,1903.55875,1036.25,1655.81375,2587.75,1755,34.1,54.22
80.4,873.31625,930.69125,1626.625,1651.92125,2049.83,1903.55875,1036.25,1654.97,2587.75,1755,34.05,54.24
80.5,873.09375,930.56625,1626.625,1651.81125,2049.83,1903.55875,1036.125,1654.3375,2587.625,1755,34.1,54.21
80.6,872.87,930.44125,1626.625,1651.7025,2049.7675,1903.4925,1036.125,1653.49375,2587.5,1755,34.11,54.21
80.7,872.75875,930.19125,1626.625,1651.5925,2049.705,1903.4925,1036,1652.65,2587.375,1755,34.08,54.22
80.8,872.535,930.06625,1626.625,1651.4825,2049.705,1903.4925,1035.875,1652.0175,2587.375,1755,34.07,54.22
80.9,872.3125,929.81625,1626.625,1651.37375,2049.64125,1903.4925,1035.875,1651.17375,2587.25,1755,34.07,54.19
81.0,872.20125,929.69125,1626.625,1651.26375,2049.57875,1903.425,1035.75,1650.33,2587.125,1755,34.1,54.2
81.1,871.86625,929.44125,1626.75,1651.15375,2049.51625,1903.425,1035.625,1649.48625,2587,1755,34.08,54.22
81.2,871.755,929.31625,1626.75,1650.935,2049.51625,1903.3575,1035.75,1648.8525,2586.875,1755,34.07,54.17
81.3,871.53125,929.1925,1626.75,1650.935,2049.4525,1903.3575,1035.625,1648.00875,2586.875,1755,34.08,54.21
81.4,871.30875,928.9425,1626.75,1650.715,2049.4525,1903.425,1035.5,1647.37625,2586.75,1755,34.07,54.19
81.5,871.19625,928.8175,1626.75,1650.605,2049.39,1903.3575,1035.5,1646.5325,2586.625,1755,34.1,54.16
81.6,870.97375,928.6925,1626.875,1650.49625,2049.3275,1903.3575,1035.375,1645.68875,2586.5,1755,34.08,54.21
81.7,870.75,928.5675,1626.75,1650.38625,2049.3275,1903.3575,1035.375,1645.05625,2586.375,1755,34.1,54.18
81.8,870.63875,928.4425,1626.875,1650.27625,2049.26375,1903.29,1035.25,1644.2125,2586.25,1754.875,34.08,54.19
81.9,870.41625,928.1925,1626.875,1650.1675,2049.20125,1903.29,1035.125,1643.36875,2586.125,1755,34.08,54.17
82.0,870.1925,928.0675,1626.875,1650.0575,2049.20125,1903.29,1035.125,1642.735,2586.125,1754.875,34.08,54.18
82.1,870.08125,927.9425,1626.875,1649.9475,2049.13875,1903.29,1035,1642.1025,2586,1754.875,34.1,54.18
82.2,869.8575,927.6925,1626.875,1649.8375,2049.13875,1903.2225,1034.875,1641.25875,2585.875,1754.875,34.11,54.2
82.3,869.635,927.4425,1627,1649.72875,2049.075,1903.2225,1035,1640.62625,2585.75,1754.875,34.08,54.18
82.4,869.5225,927.4425,1626.875,1649.61875,2049.0125,1903.2225,1034.875,1639.7825,2585.625,1754.875,34.11,54.2
82.5,869.3,927.1925,1626.875,1649.50875,2048.95,1903.2225,1034.75,1639.15,2585.625,1754.875,34.08,54.19
82.6,869.07625,927.0675,1627,1649.39875,2048.95,1903.155,1034.75,1638.30625,2585.5,1754.875,34.08,54.21
82.7,868.965,926.9425,1627,1649.29,2048.88625,1903.155,1034.625,1637.6725,2585.375,1754.75,34.07,54.18
82.8,868.7425,926.6925,1627,1649.18,2048.88625,1903.155,1034.625,1636.82875,2585.25,1754.875,34.08,54.19
82.9,868.51875,926.5675,1627,1649.07,2048.82375,1903.155,1034.5,1635.985,2585.125,1754.875,34.08,54.17
83.0,868.4075,926.4425,1627,1648.96125,2048.76125,1903.155,1034.375,1635.3525,2585.125,1754.875,34.11,54.2
83.1,868.18375,926.3175,1627,1648.85125,2048.76125,1903.155,1034.375,1634.50875,2584.875,1754.875,34.1,54.13
83.2,868.0725,926.0675,1627,1648.74125,2048.6975,1903.0875,1034.25,1633.875,2584.875,1754.875,34.08,54.15
83.3,867.85,925.9425,1627,1648.63125,2048.6975,1903.0875,1034.25,1633.03125,2584.75,1754.75,34.1,54.2
83.4,867.7375,925.8175,1627.125,1648.5225,2048.635,1903.0875,1034.25,1632.1875,2584.625,1754.75,34.1,54.2
83.5,867.515,925.6925,1627.125,1648.4125,2048.5725,1903.02,1034.125,1631.555,2584.5,1754.75,34.1,54.2
83.6,867.29125,925.5675,1627.125,1648.3025,2048.5725,1903.02,1034,1630.9225,2584.5,1754.75,34.08,54.17
83.7,867.18,925.4425,1627.125,1648.1925,2048.50875,1903.02,1034,1630.07875,2584.375,1754.75,34.08,54.19
83.8,866.9575,925.1925,1627.125,1648.08375,2048.44625,1903.02,1033.875,1629.44625,2584.25,1754.75,34.08,54.15
83.9,866.845,925.1925,1627.125,1647.97375,2048.44625,1903.02,1033.875,1628.60125,2584.125,1754.625,34.08,54.17
84.0,866.6225,924.9425,1627.125,1647.86375,2048.38375,1902.9525,1033.75,1627.96875,2584,1754.75,34.1,54.17
84.1,866.39875,924.8175,1627.125,1647.755,2048.38375,1902.9525,1033.75,1627.125,2584,1754.75,34.1,54.2
84.2,866.2875,924.6925,1627.25,1647.645,2048.38375,1902.9525,1033.625,1626.4925,2583.75,1754.625,34.1,54.17
84.3,866.065,924.5675,1627.25,1647.535,2048.32,1902.9525,1033.5,1625.85875,2583.75,1754.625,34.11,54.13
84.4,865.9525,924.4425,1627.25,1647.425,2048.2575,1902.88625,1033.625,1625.015,2583.625,1754.75,34.08,54.17
84.5,865.84125,924.3175,1627.25,1647.31625,2048.195,1902.9525,1033.375,1624.17125,2583.5,1754.75,34.1,54.13
84.6,865.61875,924.1925,1627.25,1647.31625,2048.195,1902.88625,1033.25,1623.53875,2583.375,1754.625,34.08,54.17
84.7,865.395,923.9425,1627.25,1647.09625,2048.195,1902.88625,1033.25,1622.90625,2583.25,1754.625,34.08,54.13
84.8,865.28375,923.8175,1627.25,1647.09625,2048.13125,1902.81875,1033.25,1622.0625,2583.25,1754.625,34.1,54.15
84.9,865.06,923.6925,1627.25,1646.98625,2048.06875,1902.81875,1033.25,1621.43,2583.125,1754.625,34.07,54.17
85.0,864.94875,923.5675,1627.375,1646.8775,2048.06875,1902.81875,1033.125,1620.58625,2583.125,1754.625,34.1,54.15
85.1,864.72625,923.3175,1627.375,1646.7675,2048.00625,1902.81875,1033,1619.9525,2583,1754.625,34.1,54.18
85.2,864.61375,923.3175,1627.375,1646.6575,2048.00625,1902.81875,1033,1619.32,2582.875,1754.625,34.1,54.13
85.3,864.5025,923.1925,1627.375,1646.5475,2047.9425,1902.81875,1032.875,1618.6875,2582.75,1754.625,34.1,54.13
85.4,864.28,923.0675,1627.375,1646.43875,2047.9425,1902.75125,1032.875,1617.84375,2582.75,1754.625,34.08,54.19
85.5,864.05625,922.9425,1627.375,1646.32875,2047.88,1902.75125,1032.875,1617,2582.625,1754.625,34.08,54.17
85.6,863.945,922.6925,1627.375,1646.21875,2047.8175,1902.75125,1032.75,1616.36625,2582.5,1754.625,34.1,54.16
85.7,863.72125,922.6925,1627.5,1646.10875,2047.8175,1902.75125,1032.625,1615.73375,2582.375,1754.625,34.1,54.16
85.8,863.61,922.4425,1627.5,1646,2047.75375,1902.75125,1032.625,1615.10125,2582.375,1754.625,34.1,54.15
85.9,863.49875,922.4425,1627.5,1645.89,2047.75375,1902.75125,1032.5,1614.46875,2582.25,1754.625,34.08,54.13
86.0,863.275,922.3175,1627.5,1645.89,2047.69125,1902.75125,1032.5,1613.625,2582.125,1754.625,34.1,54.11
86.1,863.16375,922.1925,1627.5,1645.78,2047.69125,1902.68375,1032.375,1612.78125,2582,1754.625,34.1,54.15
86.2,862.94125,922.0675,1627.5,1645.67125,2047.69125,1902.68375,1032.375,1612.1475,2581.875,1754.625,34.1,54.15
86.3,862.82875,921.94375,1627.5,1645.67125,2047.6275,1902.68375,1032.25,1611.515,2581.875,1754.625,34.11,54.16
86.4,862.60625,921.81875,1627.625,1645.45125,2047.6275,1902.68375,1032.25,1610.8825,2581.75,1754.625,34.08,54.15
86.5,862.495,921.69375,1627.625,1645.34125,2047.565,1902.61625,1032.125,1610.0375,2581.625,1754.625,34.1,54.13
86.6,862.27125,921.56875,1627.625,1645.34125,2047.565,1902.61625,1032.125,1609.405,2581.5,1754.625,34.07,54.14
86.7,862.16,921.44375,1627.625,1645.2325,2047.5025,1902.61625,1032,1608.7725,2581.5,1754.625,34.08,54.12
86.8,862.04875,921.31875,1627.625,1645.1225,2047.5025,1902.61625,1031.875,1608.14,2581.375,1754.625,34.07,54.12
86.9,861.825,921.31875,1627.625,1645.1225,2047.43875,1902.54875,1032,1607.29625,2581.25,1754.5,34.1,54.11
87.0,861.71375,921.06875,1627.75,1645.0125,2047.43875,1902.61625,1031.875,1606.6625,2581.125,1754.625,34.1,54.13
87.1,861.49,921.06875,1627.75,1644.9025,2047.37625,1902.54875,1031.75,1606.03,2581.125,1754.625,34.07,54.08
87.2,861.37875,920.94375,1627.625,1644.79375,2047.37625,1902.54875,1031.75,1605.3975,2581,1754.625,34.11,54.19
87.3,861.15625,920.69375,1627.75,1644.68375,2047.31375,1902.54875,1031.625,1604.55375,2580.875,1754.625,34.08,54.12
87.4,861.04375,920.69375,1627.75,1644.57375,2047.31375,1902.54875,1031.625,1603.92125,2580.875,1754.625,34.1,54.13
87.5,860.9325,920.56875,1627.75,1644.46375,2047.25,1902.48125,1031.5,1603.2875,2580.625,1754.625,34.1,54.13
87.6,860.82125,920.44375,1627.75,1644.46375,2047.25,1902.48125,1031.375,1602.655,2580.625,1754.625,34.1,54.13
87.7,860.5975,920.31875,1627.75,1644.245,2047.25,1902.48125,1031.375,1601.81125,2580.5,1754.625,34.1,54.15
87.8,860.375,920.19375,1627.875,1644.245,2047.1875,1902.48125,1031.375,1601.39,2580.5,1754.625,34.08,54.13
87.9,860.26375,920.19375,1627.875,1644.135,2047.1875,1902.48125,1031.25,1600.75625,2580.375,1754.625,34.08,54.13
88.0,860.15125,920.06875,1627.875,1644.135,2047.125,1902.41375,1031.125,1600.12375,2580.25,1754.625,34.1,54.16
88.1,859.92875,919.94375,1627.875,1644.025,2047.06125,1902.41375,1031.125,1599.28,2580.125,1754.625,34.1,54.13
88.2,859.8175,919.81875,1627.875,1643.80625,2047.06125,1902.41375,1031.125,1598.6475,2580.125,1754.625,34.1,54.13
88.3,859.705,919.69375,1627.875,1643.80625,2047.06125,1902.41375,1031,1598.01375,2580,1754.625,34.08,54.12
88.4,859.4825,919.56875,1627.875,1643.69625,2046.99875,1902.41375,1030.875,1597.38125,2579.875,1754.625,34.1,54.13
88.5,859.37125,919.56875,1627.875,1643.69625,2046.99875,1902.41375,1030.875,1596.74875,2579.875,1754.625,34.08,54.13
88.6,859.25875,919.44375,1627.875,1643.5875,2046.93625,1902.3475,1030.75,1595.905,2579.75,1754.625,34.08,54.1
88.7,859.1475,919.31875,1628,1643.4775,2046.93625,1902.3475,1030.75,1595.4825,2579.625,1754.625,34.1,54.11
88.8,858.92375,919.19375,1628,1643.3675,2046.8725,1902.3475,1030.625,1594.85,2579.625,1754.625,34.1,54.1
88.9,858.8125,919.06875,1628,1643.2575,2046.8725,1902.3475,1030.625,1594.00625,2579.5,1754.625,34.08,54.08
89.0,858.59,918.94375,1628,1643.2575,2046.8725,1902.3475,1030.5,1593.37375,2579.375,1754.75,34.1,54.1
89.1,858.4775,918.94375,1628,1643.14875,2046.81,1902.3475,1030.5,1592.74125,2579.25,1754.625,34.08,54.13
89.2,858.36625,918.81875,1628,1643.03875,2046.81,1902.28,1030.375,1592.1075,2579.25,1754.75,34.1,54.13
89.3,858.255,918.69375,1628,1643.03875,2046.7475,1902.28,1030.375,1591.475,2579.125,1754.625,34.11,54.13
89.4,858.0325,918.69375,1628.125,1642.81875,2046.7475,1902.28,1030.25,1590.84125,2579.125,1754.625,34.08,54.08
89.5,857.92,918.56875,1628.125,1642.81875,2046.68375,1902.28,1030.25,1589.9975,2579,1754.625,34.1,54.1
89.6,857.80875,918.44375,1628.125,1642.71,2046.68375,1902.2125,1030.125,1589.365,2578.875,1754.625,34.12,54.12
89.7,857.585,918.31875,1628.125,1642.71,2046.68375,1902.28,1030.125,1588.7325,2578.75,1754.625,34.11,54.11
89.8,857.47375,918.31875,1628.125,1642.6,2046.62125,1902.2125,1030.125,1588.1,2578.625,1754.625,34.1,54.1
89.9,857.3625,918.19375,1628.125,1642.49,2046.55875,1902.2125,1030,1587.46625,2578.625,1754.75,34.11,54.1
90.0,857.13875,918.06875,1628.125,1642.38125,2046.55875,1902.2125,1029.875,1586.83375,2578.5,1754.625,34.1,54.11
90.1,857.0275,918.06875,1628.125,1642.38125,2046.55875,1902.2125,1029.875,1586.20125,2578.5,1754.75,34.1,54.09
90.2,856.91625,917.94375,1628.25,1642.27125,2046.495,1902.145,1029.875,1585.56875,2578.375,1754.625,34.12,54.09
90.3,856.6925,917.81875,1628.25,1642.16125,2046.495,1902.2125,1029.75,1584.935,2578.25,1754.75,34.1,54.11
90.4,856.58125,917.69375,1628.25,1642.05125,2046.495,1902.145,1029.75,1584.3025,2578.125,1754.625,34.11,54.1
90.5,856.47,917.69375,1628.25,1642.05125,2046.4325,1902.145,1029.625,1583.67,2578.125,1754.625,34.11,54.08
90.6,856.35875,917.56875,1628.25,1641.9425,2046.4325,1902.145,1029.625,1583.0375,2578,1754.625,34.08,54.08
90.7,856.135,917.56875,1628.25,1641.8325,2046.4325,1902.145,1029.5,1582.615,2577.875,1754.625,34.1,54.11
90.8,856.02375,917.44375,1628.375,1641.8325,2046.37,1902.145,1029.5,1581.9825,2577.875,1754.75,34.08,54.08
90.9,855.9125,917.31875,1628.375,1641.6125,2046.37,1902.0775,1029.375,1581.34875,2577.75,1754.625,34.1,54.13
91.0,855.8,917.31875,1628.375,1641.6125,2046.30625,1902.0775,1029.25,1580.9275,2577.625,1754.625,34.11,54.1
91.1,855.68875,917.19375,1628.375,1641.50375,2046.30625,1902.0775,1029.25,1580.08375,2577.5,1754.75,34.11,54.06
91.2,855.46625,917.06875,1628.375,1641.50375,2046.24375,1902.0775,1029.125,1579.45125,2577.375,1754.75,34.11,54.09
91.3,855.35375,917.06875,1628.375,1641.39375,2046.24375,1902.0775,1029.125,1578.8175,2577.375,1754.625,34.08,54.08
91.4,855.2425,916.94375,1628.5,1641.39375,2046.18125,1902.01,1029,1578.39625,2577.25,1754.625,34.07,54.1
91.5,855.13125,916.81875,1628.375,1641.28375,2046.18125,1902.01,1029,1577.5525,2577.125,1754.625,34.11,54.09
91.6,855.02,916.81875,1628.5,1641.175,2046.18125,1902.01,1028.875,1577.13,2577.125,1754.625,34.1,54.09
91.7,854.79625,916.69375,1628.375,1641.065,2046.18125,1902.01,1028.875,1576.4975,2577,1754.625,34.1,54.13
91.8,854.685,916.69375,1628.5,1641.065,2046.1175,1902.01,1028.75,1575.65375,2576.875,1754.625,34.11,54.1
91.9,854.46125,916.56875,1628.5,1640.955,2046.1175,1902.01,1028.75,1575.2325,2576.875,1754.625,34.1,54.05
92.0,854.46125,916.44375,1628.5,1640.845,2046.055,1902.01,1028.75,1574.59875,2576.75,1754.625,34.1,54.11
92.1,854.23875,916.44375,1628.5,1640.845,2046.055,1902.01,1028.625,1573.96625,2576.625,1754.625,34.1,54.09
92.2,854.1275,916.31875,1628.625,1640.73625,2045.9925,1901.9425,1028.625,1573.3325,2576.625,1754.625,34.11,54.06
92.3,854.015,916.19375,1628.625,1640.62625,2045.9925,1901.9425,1028.5,1572.7,2576.5,1754.625,34.12,54.06
92.4,853.90375,916.19375,1628.625,1640.51625,2045.9925,1901.9425,1028.375,1572.0675,2576.375,1754.625,34.1,54.09
92.5,853.68125,916.06875,1628.625,1640.51625,2045.92875,1901.9425,1028.375,1571.645,2576.25,1754.625,34.08,54.11
92.6,853.56875,915.94375,1628.625,1640.40625,2045.92875,1901.9425,1028.375,1571.0125,2576.25,1754.625,34.11,54.06
92.7,853.4575,915.94375,1628.625,1640.40625,2045.92875,1901.875,1028.25,1570.38,2576.125,1754.625,34.1,54.1
92.8,853.34625,915.81875,1628.625,1640.2975,2045.86625,1901.9425,1028.25,1569.53625,2576,1754.625,34.08,54.05
92.9,853.235,915.81875,1628.625,1640.1875,2045.86625,1901.875,1028.125,1569.11375,2575.875,1754.625,34.12,54.11
93.0,853.01125,915.69375,1628.625,1640.1875,2045.86625,1901.875,1028.125,1568.48125,2575.875,1754.625,34.08,54.05
93.1,853.01125,915.69375,1628.625,1640.0775,2045.80375,1901.875,1027.875,1567.84875,2575.75,1754.625,34.11,54.03
93.2,852.9,915.56875,1628.75,1639.9675,2045.80375,1901.875,1028,1567.21625,2575.625,1754.625,34.08,54.07
93.3,852.67625,915.44375,1628.75,1639.9675,2045.74,1901.875,1027.875,1566.79375,2575.625,1754.625,34.1,54.06
93.4,852.565,915.44375,1628.75,1639.85875,2045.74,1901.875,1027.875,1566.16125,2575.5,1754.5,34.11,54.06
93.5,852.45375,915.31875,1628.75,1639.74875,2045.74,1901.8075,1027.875,1565.52875,2575.375,1754.625,34.11,54.1
93.6,852.3425,915.31875,1628.75,1639.74875,2045.6775,1901.8075,1027.75,1564.895,2575.375,1754.625,34.08,54.08
93.7,852.23,915.19375,1628.75,1639.63875,2045.6775,1901.8075,1027.625,1564.2625,2575.25,1754.625,34.11,54.08
93.8,852.0075,915.19375,1628.75,1639.53,2045.615,1901.8075,1027.625,1563.63,2575.125,1754.625,34.11,54.08
93.9,851.89625,915.06875,1628.75,1639.53,2045.615,1901.8075,1027.5,1562.99625,2575.125,1754.625,34.08,54.05
94.0,851.78375,914.94375,1628.875,1639.42,2045.615,1901.74125,1027.5,1562.36375,2575,1754.625,34.11,54.06
94.1,851.6725,914.94375,1628.75,1639.31,2045.615,1901.74125,1027.5,1561.9425,2574.875,1754.625,34.11,54.08
94.2,851.56125,914.81875,1628.75,1639.31,2045.55125,1901.8075,1027.375,1561.30875,2574.875,1754.5,34.11,54.06
94.3,851.45,914.81875,1628.875,1639.2,2045.55125,1901.74125,1027.375,1560.67625,2574.75,1754.625,34.11,54.1
94.4,851.3375,914.695,1628.875,1639.09125,2045.48875,1901.74125,1027.25,1560.04375,2574.625,1754.625,34.11,54.06
94.5,851.22625,914.695,1628.875,1639.09125,2045.48875,1901.74125,1027.25,1559.62125,2574.625,1754.625,34.11,54.06
94.6,851.115,914.695,1628.875,1639.09125,2045.48875,1901.74125,1027.125,1559.2,2574.5,1754.625,34.1,54.05
94.7,851.00375,914.57,1629,1638.98125,2045.42625,1901.67375,1027.125,1558.5675,2574.375,1754.5,34.08,54.05
94.8,850.78,914.445,1629,1638.87125,2045.42625,1901.67375,1027,1557.93375,2574.25,1754.625,34.11,54.04
94.9,850.66875,914.445,1629,1638.87125,2045.42625,1901.67375,1026.875,1557.30125,2574.25,1754.625,34.11,54.06
95.0,850.5575,914.32,1629,1638.76125,2045.3625,1901.67375,1026.875,1556.66875,2574.125,1754.625,34.11,54.06
95.1,850.33375,914.32,1629,1638.6525,2045.3625,1901.60625,1026.875,1556.03625,2574,1754.625,34.08,54.04
95.2,850.33375,914.195,1629,1638.6525,2045.3,1901.67375,1026.75,1555.61375,2574,1754.625,34.11,54.06
95.3,850.2225,914.195,1629,1638.5425,2045.3,1901.60625,1026.75,1554.77,2573.875,1754.625,34.1,54.06
95.4,850.11125,914.07,1629,1638.5425,2045.3,1901.60625,1026.625,1554.13625,2573.875,1754.625,34.11,54.08
95.5,849.99875,913.945,1629.125,1638.4325,2045.3,1901.60625,1026.625,1553.50375,2573.75,1754.625,34.11,54.06
95.6,849.77625,913.945,1629.125,1638.32375,2045.23625,1901.60625,1026.5,1553.0825,2573.625,1754.625,34.11,54.06
95.7,849.66375,913.82,1629.125,1638.32375,2045.23625,1901.53875,1026.375,1552.44875,2573.625,1754.625,34.11,54.06
95.8,849.66375,913.82,1629.125,1638.21375,2045.17375,1901.60625,1026.375,1551.81625,2573.5,1754.625,34.11,54.02
95.9,849.44125,913.82,1629.125,1638.21375,2045.17375,1901.53875,1026.375,1551.395,2573.375,1754.625,34.1,54.06
96.0,849.33,913.695,1629.125,1638.10375,2045.17375,1901.53875,1026.25,1550.76125,2573.375,1754.625,34.11,54.06
96.1,849.21875,913.695,1629.25,1638.10375,2045.17375,1901.53875,1026.25,1550.12875,2573.25,1754.625,34.08,54.01
96.2,849.10625,913.57,1629.125,1637.99375,2045.11125,1901.53875,1026.125,1549.7075,2573.125,1754.625,34.08,54.04
96.3,848.995,913.57,1629.25,1637.99375,2045.11125,1901.53875,1026.125,1549.07375,2573.125,1754.625,34.12,54.05
96.4,848.88375,913.445,1629.25,1637.885,2045.11125,1901.53875,1026,1548.6525,2573,1754.625,34.08,54.04
96.5,848.7725,913.445,1629.25,1637.775,2045.0475,1901.47125,1026,1548.02,2572.875,1754.625,34.11,54.08
96.6,848.66,913.32,1629.25,1637.775,2045.0475,1901.47125,1025.875,1547.38625,2572.875,1754.625,34.11,54.04
96.7,848.66,913.445,1629.375,1637.775,2045.11125,1901.60625,1026.125,1547.17625,2573.875,1756.125,34.11,54.06
96.8,848.66,913.32,1629.625,1637.775,2045.17375,1901.74125,1026.125,1546.75375,2574,1756.125,34.11,54.04
96.9,848.66,913.07,1629.625,1637.665,2045.17375,1901.74125,1026.125,1546.3325,2573.875,1756,34.08,54.02
97.0,848.54875,913.07,1629.75,1637.665,2045.17375,1901.8075,1026,1545.69875,2573.5,1755.75,34.11,54
97.1,848.4375,912.945,1629.75,1637.665,2045.17375,1901.8075,1026,1545.27625,2572.875,1755.5,34.11,54.02
97.2,848.325,912.945,1629.75,1637.555,2045.23625,1901.8075,1025.875,1544.855,2572.125,1755.25,34.1,54.06
97.3,848.21375,912.945,1629.625,1637.555,2045.23625,1901.8075,1025.875,1544.2225,2571.375,1755,34.08,54.04
97.4,848.21375,913.07,1629.625,1637.555,2045.23625,1901.74125,1025.75,1543.8,2570.5,1754.75,34.12,54.06
97.5,848.1025,913.07,1629.625,1637.44625,2045.3,1901.74125,1025.75,1543.37875,2569.625,1754.5,34.11,54.03
97.6,848.1025,913.07,1629.625,1637.44625,2045.3,1901.60625,1025.625,1542.95625,2568.875,1754.25,34.11,54.06
97.7,847.99125,913.07,1629.625,1637.555,2045.3625,1901.47125,1025.5,1542.535,2568.125,1753.875,34.08,54.01
97.8,847.99125,912.945,1629.625,1637.555,2045.3625,1901.33625,1025.375,1542.1125,2567.375,1753.5,34.08,54.06
97.9,847.99125,912.945,1629.625,1637.555,2045.3625,1901.2025,1025.25,1541.69125,2566.75,1753.125,34.1,54.04
98.0,847.87875,912.82,1629.625,1637.665,2045.3625,1901,1025.125,1541.26875,2566.125,1752.75,34.08,54.05
98.1,847.99125,912.57,1629.625,1637.665,2045.3625,1900.73,1025,1541.0575,2565.5,1752.375,34.1,54.05
98.2,847.99125,912.445,1629.625,1637.665,2045.3625,1900.52875,1025,1540.63625,2564.875,1751.875,34.1,54.04
98.3,848.1025,912.195,1629.625,1637.775,2045.3625,1900.25875,1024.875,1540.425,2564.375,1751.5,34.1,54.06
98.4,848.21375,911.82,1629.75,1637.885,2045.3,1899.99,1024.75,1540.00375,2563.75,1751.125,34.07,54.1
98.5,848.21375,911.445,1629.75,1637.885,2045.23625,1899.72,1024.625,1539.7925,2563.375,1750.625,34.07,54.06
98.6,848.325,911.07,1629.875,1637.99375,2045.23625,1899.38375,1024.625,1539.37,2562.875,1750.125,34.08,54.05
98.7,848.4375,910.57,1629.875,1638.10375,2045.17375,1899.11375,1024.5,1539.37,2562.375,1749.75,34.05,54.06
98.8,848.66,909.945,1630,1638.21375,2045.11125,1898.7775,1024.375,1539.16,2561.875,1749.25,34.07,54.05
98.9,848.7725,909.445,1630.125,1638.21375,2045.0475,1898.5075,1024.375,1538.94875,2561.375,1748.75,34.07,54.04
99.0,848.995,908.695,1630.25,1638.32375,2044.985,1898.17125,1024.25,1538.52625,2561,1748.25,34.07,54.01
99.1,849.10625,908.07,1630.25,1638.4325,2044.9225,1897.90125,1024.125,1538.31625,2560.5,1747.625,34.05,54.02
99.2,849.33,907.32,1630.375,1638.5425,2044.79625,1897.565,1024.125,1538.105,2560,1747.125,34.07,53.99
99.3,849.44125,906.57125,1630.5,1638.6525,2044.79625,1897.295,1024.125,1538.105,2559.625,1746.625,34.04,53.96
99.4,849.66375,905.69625,1630.625,1638.76125,2044.67125,1896.95875,1024.125,1537.89375,2559.25,1746.125,34.05,53.97
99.5,849.8875,904.82125,1630.625,1638.76125,2044.545,1896.62125,1024,1537.4725,2558.75,1745.5,34.04,53.94
99.6,850.11125,903.82125,1630.875,1638.87125,2044.48125,1896.3525,1024,1537.4725,2558.375,1745,34.04,53.89
99.7,850.33375,902.94625,1630.875,1638.98125,2044.35625,1896.015,1024,1537.26125,2558,1744.5,34.05,53.9
99.8,850.5575,901.94625,1631,1639.09125,2044.23,1895.74625,1024,1536.83875,2557.625,1744,34.05,53.86
99.9,850.78,900.94625,1631.125,1639.2,2044.1675,1895.47625,1024,1536.83875,2557.25,1743.5,34.07,53.79
100.0,851.115,899.82125,1631.25,1639.31,2043.97875,1895.2075,1024,1536.4175,2556.75,1743,34.05,53.8
100.1,851.22625,898.6975,1631.25,1639.31,2043.915,1894.87,1024,1536.20625,2556.375,1742.5,34.07,53.76
100.2,851.56125,897.6975,1631.375,1639.42,2043.72625,1894.66875,1024,1535.995,2556.125,1742,34.05,53.75
100.3,851.78375,896.4475,1631.5,1639.53,2043.60125,1894.33125,1024,1535.78375,2555.625,1741.5,34.05,53.71
100.4,852.0075,895.3225,1631.625,1639.63875,2043.475,1894.0625,1023.875,1535.57375,2555.375,1741,34.04,53.64
100.5,852.23,894.0725,1631.75,1639.63875,2043.34875,1893.86,1023.875,1535.15125,2554.875,1740.625,34.07,53.64
100.6,852.45375,892.8225,1631.75,1639.63875,2043.22375,1893.59125,1023.875,1535.15125,2554.625,1740.125,34.05,53.62
100.7,852.67625,891.57375,1631.875,1639.63875,2043.035,1893.32125,1023.875,1534.94,2554.25,1739.625,34.04,53.59
100.8,853.01125,890.32375,1632,1639.74875,2042.90875,1893.05125,1023.875,1534.51875,2554,1739.125,34.04,53.55
100.9,853.235,888.94875,1632.125,1639.85875,2042.7825,1892.85,1024,1534.3075,2553.625,1738.75,34.04,53.5
101.0,853.4575,887.69875,1632.125,1639.85875,2042.6575,1892.58,1024,1534.09625,2553.375,1738.375,34.07,53.48
101.1,853.68125,886.32375,1632.25,1639.9675,2042.46875,1892.37875,1023.875,1533.675,2553.125,1737.875,34.04,53.44
101.2,853.90375,884.95,1632.25,1639.9675,2042.3425,1892.10875,1024,1533.46375,2552.875,1737.5,34.05,53.44
101.3,854.1275,883.575,1632.375,1639.9675,2042.21625,1891.90625,1024,1533.2525,2552.5,1737.125,34.04,53.41
101.4,854.35,882.2,1632.375,1639.9675,2042.0275,1891.6375,1024,1532.83125,2552.25,1736.625,34.07,53.36
101.5,854.57375,880.7,1632.5,1639.9675,2041.83875,1891.435,1024,1532.62,2552,1736.125,34.04,53.31
101.6,854.685,879.325,1632.625,1639.9675,2041.7125,1891.23375,1024,1532.19875,2551.75,1735.75,34.03,53.26
101.7,854.9075,877.95,1632.625,1639.9675,2041.5875,1891.03125,1024,1531.9875,2551.375,1735.375,34.03,53.19
101.8,855.13125,876.45125,1632.625,1639.9675,2041.39875,1890.82875,1024.125,1531.565,2551.125,1735,34.04,53.2
101.9,855.35375,875.07625,1632.75,1639.9675,2041.2725,1890.6275,1024.125,1531.14375,2550.875,1734.625,34.04,53.16
102.0,855.5775,873.57625,1632.75,1639.9675,2041.08375,1890.4925,1024.125,1530.9325,2550.625,1734.125,34.03,53.17
102.1,855.8,872.20125,1632.75,1639.9675,2040.9575,1890.29,1024.125,1530.51125,2550.375,1733.75,34.07,53.12
102.2,855.9125,870.70125,1632.875,1639.9675,2040.76875,1890.0875,1024.25,1530.08875,2550.125,1733.25,34.03,53.04
102.3,856.135,869.2025,1632.875,1639.85875,2040.64375,1889.95375,1024.25,1529.6675,2549.875,1732.875,34.04,53.04
102.4,856.24625,867.7025,1633,1639.85875,2040.455,1889.75125,1024.125,1529.45625,2549.625,1732.5,34.05,52.99
102.5,856.47,866.2025,1633,1639.85875,2040.32875,1889.61625,1024.25,1529.03375,2549.375,1732.125,34.03,52.96
102.6,856.58125,864.7025,1633,1639.74875,2040.14,1889.415,1024.25,1528.6125,2549.125,1731.625,34.05,52.94
102.7,856.805,863.2025,1633,1639.74875,2040.01375,1889.28,1024.25,1528.19,2548.875,1731.25,34.03,52.9
102.8,856.91625,861.70375,1633,1639.63875,2039.88875,1889.145,1024.25,1527.76875,2548.75,1730.875,34.03,52.83
102.9,857.13875,860.20375,1633.125,1639.63875,2039.7,1888.9425,1024.25,1527.5575,2548.5,1730.5,34.03,52.83
103.0,857.25125,858.70375,1633,1639.63875,2039.51125,1888.80875,1024.375,1527.135,2548.25,1730.25,34.05,52.8
103.1,857.3625,857.20375,1633,1639.53,2039.4475,1888.67375,1024.375,1526.71375,2548.125,1729.75,34.03,52.78
103.2,857.585,855.70375,1633,1639.53,2039.25875,1888.60625,1024.5,1526.29125,2547.875,1729.5,34.03,52.77
103.3,857.6975,854.205,1633.125,1639.42,2039.07,1888.40375,1024.5,1525.87,2547.625,1729.125,34.03,52.73
103.4,857.80875,852.705,1633.125,1639.31,2038.94375,1888.27,1024.5,1525.23625,2547.5,1728.875,34.01,52.71
103.5,857.92,851.205,1633.125,1639.31,2038.81875,1888.2025,1024.625,1524.815,2547.375,1728.5,34.01,52.69
103.6,858.0325,849.705,1633.125,1639.2,2038.6925,1888.0675,1024.625,1524.3925,2547.125,1728.125,34.03,52.62
103.7,858.14375,848.205,1633,1639.09125,2038.5675,1888,1024.75,1523.97125,2547,1727.75,34.04,52.61
103.8,858.36625,846.70625,1633.125,1638.98125,2038.37875,1887.865,1024.75,1523.76,2546.875,1727.5,34.03,52.61
103.9,858.4775,845.20625,1633,1638.98125,2038.2525,1887.7975,1024.75,1523.1275,2546.625,1727.125,34.01,52.54
104.0,858.59,843.83125,1633,1638.87125,2038.12625,1887.66375,1024.75,1522.705,2546.5,1726.875,34.03,52.52
104.1,858.70125,842.33125,1633,1638.76125,2037.9375,1887.59625,1024.75,1522.0725,2546.25,1726.625,34.03,52.54
104.2,858.70125,840.83125,1632.875,1638.76125,2037.81125,1887.46125,1024.875,1521.65125,2546.125,1726.25,34.03,52.45
104.3,858.92375,839.3325,1632.875,1638.5425,2037.74875,1887.39375,1024.875,1521.44,2545.875,1726,34.01,52.45
104.4,859.03625,837.8325,1633,1638.5425,2037.6225,1887.32625,1025,1520.8075,2545.75,1725.625,34.03,52.44
104.5,859.03625,836.4575,1632.875,1638.4325,2037.43375,1887.1925,1025,1520.385,2545.5,1725.375,34.04,52.42
104.6,859.1475,834.9575,1632.75,1638.32375,2037.30875,1887.125,1025,1519.7525,2545.375,1725.125,34.03,52.39
104.7,859.37125,833.4575,1632.75,1638.21375,2037.1825,1887.0575,1025,1519.33,2545.25,1724.875,34.01,52.39
104.8,859.37125,832.08375,1632.75,1638.10375,2037.12,1886.9225,1025.125,1518.90875,2545,1724.5,34.03,52.38
104.9,859.4825,830.70875,1632.75,1637.99375,2036.93125,1886.855,1025.125,1518.275,2544.875,1724.25,34.04,52.39
105.0,859.59375,829.20875,1632.75,1637.885,2036.8675,1886.7875,1025.125,1517.85375,2544.75,1724,34.01,52.36
105.1,859.59375,827.83375,1632.625,1637.775,2036.67875,1886.72,1025.25,1517.43125,2544.5,1723.75,34.01,52.32
105.2,859.705,826.33375,1632.625,1637.665,2036.55375,1886.6525,1025.25,1517.01,2544.5,1723.375,34.04,52.3
105.3,859.705,824.96,1632.625,1637.555,2036.4275,1886.58625,1025.25,1516.3775,2544.25,1723.25,34.03,52.34
105.4,859.8175,823.71,1632.5,1637.44625,2036.365,1886.51875,1025.25,1515.955,2544.125,1722.875,34,52.26
105.5,859.8175,822.21,1632.5,1637.33625,2036.23875,1886.45125,1025.375,1515.3225,2543.875,1722.75,34.01,52.23
105.6,860.04,820.835,1632.375,1637.22625,2036.1125,1886.38375,1025.375,1514.9,2543.875,1722.5,34.03,52.27
105.7,860.04,819.46,1632.375,1637.1175,2035.9875,1886.31625,1025.5,1514.47875,2543.75,1722.25,34.04,52.22
105.8,860.04,818.085,1632.375,1637.0075,2035.86125,1886.24875,1025.5,1514.05625,2543.5,1722,34.03,52.21
105.9,860.15125,816.83625,1632.25,1636.8975,2035.735,1886.11375,1025.5,1513.42375,2543.375,1721.75,34.03,52.21
106.0,860.15125,815.46125,1632.25,1636.7875,2035.60875,1886.04625,1025.625,1513.0025,2543.25,1721.5,34.03,52.16
106.1,860.26375,814.08625,1632.125,1636.67875,2035.48375,1886.04625,1025.625,1512.58,2543.125,1721.25,34.03,52.13
106.2,860.26375,812.71125,1632.125,1636.56875,2035.3575,1885.98,1025.625,1511.9475,2543,1721.125,34.03,52.13
106.3,860.26375,811.46125,1632,1636.45875,2035.295,1885.9125,1025.75,1511.525,2542.75,1720.875,34.01,52.12
106.4,860.375,810.08625,1632,1636.24,2035.16875,1885.845,1025.75,1510.8925,2542.625,1720.625,34.03,52.12
106.5,860.375,808.8375,1631.875,1636.24,2035.0425,1885.7775,1025.875,1510.47125,2542.5,1720.375,34,52.14
106.6,860.375,807.4625,1631.875,1636.02,2034.9175,1885.71,1025.875,1509.8375,2542.375,1720.125,34.03,52.12
106.7,860.375,806.2125,1631.75,1635.91125,2034.85375,1885.6425,1026,1509.41625,2542.25,1719.875,34.03,52.08
106.8,860.48625,804.8375,1631.75,1635.80125,2034.72875,1885.575,1026,1508.7825,2542.125,1719.75,34.03,52.09
106.9,860.48625,803.5875,1631.625,1635.69125,2034.6025,1885.5075,1026,1508.36125,2542,1719.5,34.01,52.09
107.0,860.48625,802.33875,1631.5,1635.4725,2034.47625,1885.5075,1026.125,1507.7275,2541.875,1719.25,34.04,52.03
107.1,860.48625,801.08875,1631.5,1635.3625,2034.41375,1885.44125,1026,1507.30625,2541.625,1719,34.01,52.05
107.2,860.5975,799.83875,1631.5,1635.2525,2034.2875,1885.37375,1026.125,1506.67375,2541.5,1718.875,34.03,52.04
107.3,860.48625,798.58875,1631.375,1635.1425,2034.1625,1885.30625,1026.125,1506.04,2541.5,1718.625,34,52.02
107.4,860.48625,797.33875,1631.375,1635.03375,2034.03625,1885.23875,1026.25,1505.61875,2541.25,1718.375,34.03,52.01
107.5,860.5975,796.21375,1631.25,1634.92375,2033.97375,1885.23875,1026.25,1505.19625,2541.125,1718.25,34.03,52
107.6,860.5975,794.965,1631.125,1634.70375,2033.8475,1885.10375,1026.25,1504.775,2541,1718,34,52
107.7,860.5975,793.715,1631.125,1634.595,2033.72125,1885.10375,1026.25,1504.1425,2540.875,1717.75,34.01,51.95
107.8,860.5975,792.465,1631,1634.485,2033.65875,1885.03625,1026.25,1503.50875,2540.75,1717.5,34.01,51.95
107.9,860.5975,791.34,1631,1634.375,2033.5325,1884.96875,1026.375,1503.0875,2540.625,1717.25,34.01,51.98
108.0,860.5975,790.09,1630.875,1634.15625,2033.4075,1884.96875,1026.5,1502.665,2540.5,1717.125,34.01,51.95
108.1,860.71,788.965,1630.75,1634.04625,2033.34375,1884.90125,1026.5,1502.0325,2540.375,1716.875,34.01,51.92
108.2,860.5975,787.84,1630.75,1633.93625,2033.21875,1884.835,1026.5,1501.61125,2540.25,1716.75,34,51.94
108.3,860.5975,786.71625,1630.75,1633.8275,2033.155,1884.7675,1026.5,1500.9775,2540.125,1716.375,34.01,51.91
108.4,860.5975,785.59125,1630.625,1633.6075,2033.03,1884.7,1026.625,1500.345,2540,1716.25,34.03,51.9
108.5,860.5975,784.34125,1630.5,1633.4975,2032.96625,1884.7,1026.625,1499.7125,2539.875,1716,34.01,51.92
108.6,860.5975,783.34125,1630.375,1633.38875,2032.84125,1884.6325,1026.625,1499.29,2539.75,1715.75,34.03,51.9
108.7,860.5975,782.21625,1630.375,1633.27875,2032.7775,1884.6325,1026.75,1498.86875,2539.625,1715.5,34.01,51.87
108.8,860.48625,781.09125,1630.25,1633.16875,2032.65125,1884.565,1026.75,1498.235,2539.375,1715.375,34.03,51.88
108.9,860.5975,779.9675,1630.125,1633.05875,2032.52625,1884.4975,1026.75,1497.6025,2539.25,1715.25,34.01,51.89
109.0,860.48625,778.8425,1630,1632.84,2032.4625,1884.43,1026.875,1497.18125,2539.25,1715,34,51.86
109.1,860.48625,777.8425,1630,1632.73,2032.4,1884.3625,1026.875,1496.5475,2539.125,1714.75,34.03,51.87
109.2,860.48625,776.7175,1629.875,1632.51125,2032.275,1884.3625,1026.875,1495.915,2538.875,1714.5,34.01,51.83
109.3,860.48625,775.7175,1629.875,1632.40125,2032.21125,1884.3625,1026.875,1495.49375,2538.75,1714.375,34.03,51.83
109.4,860.48625,774.5925,1629.75,1632.29125,2032.085,1884.29625,1027,1494.86,2538.625,1714.125,33.97,51.87
109.5,860.375,773.5925,1629.625,1632.18125,2031.96,1884.22875,1027,1494.43875,2538.5,1714,34.01,51.83
109.6,860.375,772.59375,1629.625,1632.0725,2031.89625,1884.22875,1027,1494.01625,2538.375,1713.75,34,51.84
109.7,860.375,771.59375,1629.5,1631.8525,2031.83375,1884.16125,1027.125,1493.38375,2538.375,1713.625,33.98,51.84
109.8,860.375,770.46875,1629.375,1631.74375,2031.7075,1884.09375,1027.125,1492.9625,2538.125,1713.375,34,51.81
109.9,860.26375,769.46875,1629.375,1631.63375,2031.645,1884.02625,1027.125,1492.32875,2538,1713.125,34.01,51.82
110.0,860.26375,768.46875,1629.25,1631.52375,2031.51875,1884.02625,1027.125,1491.9075,2537.875,1712.875,34,51.83
110.1,860.26375,767.46875,1629.125,1631.41375,2031.45625,1883.95875,1027.25,1491.275,2537.75,1712.75,34.01,51.75
110.2,860.26375,766.59375,1629,1631.195,2031.39375,1883.95875,1027.25,1490.64125,2537.625,1712.5,34,51.79
110.3,860.15125,765.595,1629,1631.085,2031.2675,1883.89125,1027.25,1490.00875,2537.5,1712.375,33.98,51.83
110.4,860.15125,764.595,1628.875,1630.975,2031.205,1883.89125,1027.375,1489.58625,2537.375,1712.125,34.03,51.74
110.5,860.15125,763.72,1628.75,1630.86625,2031.07875,1883.82375,1027.375,1489.165,2537.25,1712,34.01,51.76
110.6,860.15125,762.72,1628.75,1630.75625,2031.01625,1883.75625,1027.375,1488.53125,2537.125,1711.75,34,51.81
110.7,860.04,761.72,1628.625,1630.5375,2030.9525,1883.75625,1027.375,1487.6875,2537,1711.5,34.01,51.76
110.8,860.04,760.845,1628.5,1630.4275,2030.89,1883.69,1027.5,1487.26625,2536.875,1711.375,34,51.76
110.9,860.04,759.97,1628.375,1630.3175,2030.76375,1883.69,1027.5,1486.63375,2536.75,1711.125,34.01,51.78
111.0,859.92875,759.095,1628.375,1630.2075,2030.70125,1883.6225,1027.5,1486.21125,2536.625,1710.875,34,51.75
111.1,859.92875,758.09625,1628.25,1629.98875,2030.63875,1883.555,1027.625,1485.57875,2536.5,1710.75,34,51.74
111.2,859.92875,757.22125,1628.25,1629.87875,2030.5125,1883.555,1027.625,1485.15625,2536.375,1710.625,34.01,51.74
111.3,859.92875,756.47125,1628.125,1629.76875,2030.45,1883.555,1027.625,1484.52375,2536.25,1710.375,34.03,51.71
111.4,859.8175,755.59625,1628,1629.66,2030.38625,1883.4875,1027.625,1483.89125,2536.125,1710.125,34.01,51.73
111.5,859.705,754.72125,1627.875,1629.55,2030.32375,1883.42,1027.75,1483.46875,2536,1710,34,51.74
111.6,859.8175,753.84625,1627.875,1629.44,2030.26125,1883.42,1027.75,1482.83625,2535.875,1709.75,34,51.71
111.7,859.705,753.09625,1627.75,1629.33,2030.135,1883.3525,1027.75,1482.415,2535.75,1709.625,34.03,51.7
111.8,859.705,752.22125,1627.625,1629.11125,2030.135,1883.3525,1027.875,1481.78125,2535.625,1709.375,34.01,51.75
111.9,859.59375,751.34625,1627.625,1629.00125,2030.00875,1883.285,1027.875,1481.14875,2535.5,1709.125,33.98,51.72
112.0,859.59375,750.59625,1627.5,1628.8925,2029.94625,1883.285,1027.875,1480.72625,2535.375,1709,34,51.7
112.1,859.59375,749.7225,1627.375,1628.7825,2029.88375,1883.285,1028,1480.09375,2535.25,1708.75,33.98,51.71
112.2,859.59375,748.9725,1627.25,1628.6725,2029.82,1883.2175,1028,1479.46125,2535.125,1708.625,34.01,51.71
112.3,859.4825,748.2225,1627.125,1628.5625,2029.7575,1883.15,1028,1479.03875,2535,1708.375,34.01,51.69
112.4,859.37125,747.3475,1627.125,1628.45375,2029.63125,1883.15,1028.125,1478.6175,2535,1708.25,34,51.7
112.5,859.37125,746.5975,1627,1628.34375,2029.56875,1883.15,1028,1477.98375,2534.75,1708,34,51.67
112.6,859.37125,745.7225,1626.875,1628.23375,2029.505,1883.08375,1028.125,1477.5625,2534.625,1707.875,34.01,51.73
112.7,859.25875,744.9725,1626.75,1628.015,2029.4425,1883.08375,1028.125,1476.93,2534.5,1707.625,34.01,51.7
112.8,859.25875,744.2225,1626.75,1627.905,2029.38,1883.01625,1028.25,1476.29625,2534.375,1707.5,34,51.7
112.9,859.25875,743.4725,1626.625,1627.795,2029.3175,1882.94875,1028.25,1475.875,2534.375,1707.375,33.98,51.64
113.0,859.1475,742.72375,1626.5,1627.68625,2029.25375,1882.94875,1028.375,1475.2425,2534.25,1707.25,34,51.71
113.1,859.1475,741.97375,1626.375,1627.57625,2029.19125,1882.88125,1028.25,1474.82,2534.125,1707.125,34.01,51.7
113.2,859.1475,741.34875,1626.375,1627.46625,2029.12875,1882.88125,1028.375,1474.1875,2534,1706.875,33.98,51.66
113.3,859.03625,740.59875,1626.375,1627.35625,2029.0025,1882.88125,1028.5,1473.765,2533.875,1706.75,33.98,51.63
113.4,859.03625,739.84875,1626.25,1627.2475,2028.93875,1882.81375,1028.375,1473.1325,2533.75,1706.5,34,51.63
113.5,858.92375,739.22375,1626.125,1627.1375,2028.87625,1882.81375,1028.5,1472.5,2533.625,1706.375,34.03,51.67
113.6,858.92375,738.47375,1626,1627.0275,2028.81375,1882.74625,1028.5,1472.0775,2533.625,1706.25,33.95,51.68
113.7,858.8125,737.72375,1625.875,1626.9175,2028.75,1882.74625,1028.625,1471.445,2533.5,1706,34.01,51.63
113.8,858.8125,737.09875,1625.875,1626.80875,2028.625,1882.67875,1028.5,1471.0225,2533.375,1705.875,33.98,51.62
113.9,858.70125,736.34875,1625.75,1626.69875,2028.625,1882.67875,1028.625,1470.39,2533.25,1705.75,34,51.64
114.0,858.70125,735.725,1625.625,1626.48,2028.49875,1882.61125,1028.625,1469.96875,2533.125,1705.5,34,51.67
114.1,858.70125,735.1,1625.625,1626.48,2028.49875,1882.61125,1028.625,1469.54625,2533,1705.25,34,51.63
114.2,858.59,734.35,1625.5,1626.37,2028.3725,1882.545,1028.75,1469.125,2533,1705.125,34,51.63
114.3,858.59,733.725,1625.375,1626.26,2028.3725,1882.545,1028.75,1468.49125,2532.875,1704.875,34.01,51.65
114.4,858.4775,733.1,1625.375,1626.15,2028.31,1882.545,1028.75,1467.85875,2532.625,1704.75,34,51.59
114.5,858.4775,732.35,1625.25,1626.04125,2028.2475,1882.4775,1028.875,1467.4375,2532.625,1704.5,34.01,51.66
114.6,858.36625,731.85,1625.125,1625.93125,2028.18375,1882.4775,1028.875,1467.015,2532.5,1704.375,34,51.61
114.7,858.36625,731.225,1625.125,1625.82125,2028.05875,1882.4775,1028.875,1466.3825,2532.375,1704.25,33.98,51.62
114.8,858.36625,730.475,1625,1625.71125,2028.05875,1882.41,1028.875,1465.75,2532.375,1704,33.98,51.66
114.9,858.255,729.85,1624.875,1625.6025,2027.995,1882.41,1029,1465.3275,2532.25,1703.875,34,51.58
115.0,858.255,729.35,1624.75,1625.4925,2027.9325,1882.3425,1029,1464.90625,2532.125,1703.75,33.98,51.56
115.1,858.255,728.725,1624.75,1625.3825,2027.87,1882.3425,1029,1464.2725,2532.125,1703.625,34,51.61
115.2,858.14375,728.10125,1624.625,1625.27375,2027.80625,1882.3425,1029,1463.85125,2532,1703.5,33.98,51.56
115.3,858.14375,727.60125,1624.5,1625.16375,2027.74375,1882.3425,1029.125,1463.2175,2531.875,1703.25,33.98,51.59
115.4,858.0325,726.97625,1624.5,1625.05375,2027.68125,1882.275,1029.125,1462.79625,2531.875,1703.125,34,51.58
115.5,858.0325,726.35125,1624.375,1625.05375,2027.6175,1882.275,1029.125,1462.1625,2531.75,1703,34.01,51.59
115.6,857.92,725.85125,1624.25,1624.94375,2027.6175,1882.275,1029.25,1461.74125,2531.625,1702.75,34,51.59
115.7,857.92,725.22625,1624.125,1624.835,2027.555,1882.2075,1029.375,1461.10875,2531.625,1702.625,34.01,51.56
115.8,857.92,724.72625,1624.125,1624.725,2027.4925,1882.2075,1029.375,1460.68625,2531.5,1702.5,34.01,51.58
115.9,857.80875,724.10125,1624,1624.615,2027.42875,1882.2075,1029.375,1460.265,2531.375,1702.25,33.98,51.61
116.0,857.80875,723.60125,1623.875,1624.505,2027.36625,1882.2075,1029.375,1459.63125,2531.25,1702.125,33.98,51.59
116.1,857.6975,723.10125,1623.75,1624.39625,2027.30375,1882.2075,1029.5,1459.21,2531.25,1702,34,51.59
116.2,857.6975,722.47625,1623.75,1624.28625,2027.30375,1882.2075,1029.5,1458.5775,2531.125,1701.875,33.98,51.59
116.3,857.6975,721.97625,1623.625,1624.28625,2027.24,1882.14,1029.5,1458.155,2531,1701.625,34.01,51.53
116.4,857.585,721.47625,1623.5,1624.0675,2027.1775,1882.14,1029.5,1457.73375,2531,1701.5,34,51.57
116.5,857.585,720.97625,1623.5,1624.0675,2027.115,1882.14,1029.625,1457.1,2530.875,1701.375,34.03,51.54
116.6,857.47375,720.3525,1623.375,1623.9575,2027.05125,1882.0725,1029.625,1456.67875,2530.75,1701.25,34.01,51.59
116.7,857.47375,719.8525,1623.25,1623.8475,2026.98875,1882.0725,1029.75,1456.25625,2530.625,1701,33.98,51.55
116.8,857.3625,719.3525,1623.125,1623.7375,2026.98875,1882.0725,1029.625,1455.62375,2530.625,1700.875,34,51.55
116.9,857.3625,718.8525,1623,1623.7375,2026.92625,1882.0725,1029.75,1455.2025,2530.5,1700.75,34.01,51.59
117.0,857.3625,718.4775,1623,1623.62875,2026.8625,1882.0725,1029.875,1454.78,2530.5,1700.625,34,51.55
117.1,857.25125,717.8525,1622.875,1623.51875,2026.8,1882.0725,1029.875,1454.35875,2530.375,1700.375,34.01,51.53
117.2,857.25125,717.4775,1622.75,1623.40875,2026.8,1882.0725,1029.875,1453.725,2530.25,1700.25,34.01,51.58
117.3,857.25125,716.9775,1622.75,1623.29875,2026.7375,1882.0725,1030,1453.0925,2530.125,1700.125,34.03,51.53
117.4,857.13875,716.4775,1622.625,1623.29875,2026.67375,1882.005,1030,1452.67,2530.125,1700,33.97,51.56
117.5,857.0275,715.9775,1622.5,1623.19,2026.67375,1882.005,1030,1452.0375,2530,1699.875,33.98,51.55
117.6,857.0275,715.4775,1622.5,1623.08,2026.61125,1882.005,1030,1451.61625,2529.875,1699.75,34,51.54
117.7,856.91625,715.1025,1622.375,1622.97,2026.54875,1882.005,1030.125,1451.19375,2529.875,1699.5,34,51.53
117.8,856.91625,714.6025,1622.375,1622.86,2026.54875,1882.005,1030.125,1450.7725,2529.75,1699.375,33.98,51.54
117.9,856.91625,714.1025,1622.25,1622.75125,2026.4225,1882.005,1030.125,1450.13875,2529.625,1699.25,33.98,51.49
118.0,856.91625,713.7275,1622.125,1622.75125,2026.4225,1881.93875,1030.25,1449.7175,2529.625,1699.125,34.03,51.52
118.1,856.805,713.22875,1622,1622.64125,2026.35875,1882.005,1030.25,1449.295,2529.5,1698.875,34.01,51.58
118.2,856.805,712.85375,1621.875,1622.53125,2026.29625,1881.93875,1030.25,1448.6625,2529.375,1698.875,34,51.55
118.3,856.6925,712.35375,1621.875,1622.42125,2026.29625,1881.93875,1030.25,1448.24125,2529.375,1698.625,33.97,51.55
118.4,856.6925,711.97875,1621.75,1622.42125,2026.23375,1881.93875,1030.375,1447.81875,2529.25,1698.5,34.03,51.56
118.5,856.6925,711.47875,1621.625,1622.3125,2026.17125,1881.93875,1030.375,1447.3975,2529.125,1698.375,34,51.52
118.6,856.58125,711.10375,1621.625,1622.2025,2026.1075,1881.93875,1030.375,1446.76375,2529,1698.25,34,51.52
118.7,856.58125,710.60375,1621.5,1622.2025,2026.1075,1881.87125,1030.5,1446.13125,2529,1698,33.97,51.48
118.8,856.47,710.22875,1621.375,1622.0925,2026.045,1881.87125,1030.5,1445.71,2528.75,1697.875,33.98,51.55
118.9,856.47,709.85375,1621.375,1621.98375,2026.045,1881.87125,1030.5,1445.2875,2528.75,1697.75,34,51.53
119.0,856.47,709.35375,1621.25,1621.87375,2025.9825,1881.87125,1030.625,1444.865,2528.625,1697.625,33.98,51.53
119.1,856.47,708.97875,1621.125,1621.87375,2025.91875,1881.87125,1030.625,1444.44375,2528.5,1697.5,34,51.53
119.2,856.35875,708.60375,1621,1621.76375,2025.85625,1881.87125,1030.625,1444.02125,2528.375,1697.25,33.98,51.5
119.3,856.35875,708.22875,1621,1621.65375,2025.85625,1881.80375,1030.75,1443.38875,2528.375,1697.125,34,51.49
119.4,856.24625,707.85375,1620.875,1621.545,2025.7925,1881.80375,1030.75,1442.75625,2528.25,1697,34.01,51.53
119.5,856.24625,707.47875,1620.75,1621.545,2025.7925,1881.73625,1030.75,1442.545,2528.125,1696.875,33.98,51.51
119.6,856.135,706.97875,1620.75,1621.545,2025.73,1881.73625,1030.75,1442.1225,2528,1696.75,34,51.47
119.7,856.135,706.72875,1620.625,1621.435,2025.6675,1881.73625,1030.875,1441.49,2528,1696.625,34.01,51.52
119.8,856.135,706.35375,1620.5,1621.325,2025.60375,1881.73625,1030.875,1440.8575,2527.875,1696.5,34,51.52
119.9,856.135,705.98,1620.5,1621.215,2025.60375,1881.66875,1031,1440.435,2527.75,1696.375,34,51.52
120.0,856.02375,705.605,1620.375,1621.10625,2025.54125,1881.66875,1031,1440.01375,2527.625,1696.25,33.98,51.51
120.1,856.02375,705.23,1620.375,1621.10625,2025.47875,1881.66875,1031,1439.59125,2527.625,1696,34.01,51.49
120.2,856.02375,704.855,1620.25,1620.99625,2025.47875,1881.60125,1031,1439.17,2527.5,1695.875,34,51.53
120.3,855.9125,704.48,1620.125,1620.88625,2025.415,1881.60125,1031.125,1438.5375,2527.375,1695.75,33.98,51.53
120.4,855.9125,704.105,1620,1620.88625,2025.3525,1881.60125,1031,1438.115,2527.375,1695.625,34,51.5
120.5,855.8,703.855,1619.875,1620.77625,2025.3525,1881.53375,1031,1437.69375,2527.25,1695.5,34,51.49
120.6,855.8,703.48,1619.875,1620.6675,2025.29,1881.53375,1031.125,1437.06,2527.25,1695.375,34,51.52
120.7,855.8,703.105,1619.75,1620.6675,2025.22625,1881.53375,1031.125,1436.63875,2527.125,1695.25,34,51.5
120.8,855.8,702.855,1619.75,1620.5575,2025.22625,1881.46625,1031.25,1436.21625,2527,1695.125,33.98,51.47
120.9,855.68875,702.48,1619.625,1620.4475,2025.16375,1881.46625,1031.25,1435.795,2527,1694.875,34,51.5
121.0,855.68875,702.105,1619.5,1620.4475,2025.16375,1881.46625,1031.25,1435.16125,2526.875,1694.75,34.01,51.53
121.1,855.68875,701.855,1619.375,1620.3375,2025.10125,1881.39875,1031.25,1434.74,2526.875,1694.625,33.97,51.53
121.2,855.68875,701.48,1619.375,1620.22875,2025.0375,1881.39875,1031.375,1434.3175,2526.75,1694.625,34,51.44
121.3,855.5775,701.105,1619.25,1620.22875,2025.0375,1881.39875,1031.375,1433.89625,2526.625,1694.375,34,51.53
121.4,855.5775,700.855,1619.25,1620.11875,2024.975,1881.39875,1031.375,1433.26375,2526.5,1694.25,34,51.5
121.5,855.5775,700.48,1619.125,1620.11875,2024.975,1881.39875,1031.375,1432.84125,2526.5,1694.125,34,51.47
121.6,855.46625,700.105,1619,1620.00875,2024.9125,1881.33125,1031.5,1432.42,2526.375,1694,33.98,51.5
121.7,855.46625,699.855,1619,1619.9,2024.9125,1881.265,1031.5,1431.9975,2526.25,1693.875,33.95,51.51
121.8,855.46625,699.48,1618.875,1619.9,2024.84875,1881.265,1031.5,1431.57625,2526.125,1693.75,33.98,51.5
121.9,855.35375,699.23,1618.75,1619.79,2024.78625,1881.265,1031.5,1431.15375,2526.125,1693.625,34,51.52
122.0,855.35375,698.98,1618.75,1619.68,2024.78625,1881.1975,1031.625,1430.7325,2526,1693.375,34.01,51.49
122.1,855.35375,698.60625,1618.625,1619.68,2024.72375,1881.1975,1031.625,1430.31,2525.875,1693.375,33.98,51.49
122.2,855.2425,698.35625,1618.5,1619.57,2024.66,1881.1975,1031.625,1429.6775,2525.75,1693.125,34,51.49
122.3,855.2425,697.98125,1618.5,1619.46125,2024.66,1881.1975,1031.625,1429.255,2525.75,1693,34,51.5
122.4,855.2425,697.73125,1618.375,1619.46125,2024.5975,1881.1975,1031.75,1428.83375,2525.625,1692.875,33.98,51.47
122.5,855.13125,697.48125,1618.25,1619.35125,2024.535,1881.13,1031.75,1428.41125,2525.5,1692.75,33.98,51.45
122.6,855.13125,697.10625,1618.25,1619.35125,2024.535,1881.13,1031.75,1427.99,2525.5,1692.625,34,51.5
122.7,855.13125,696.85625,1618.125,1619.24125,2024.47125,1881.0625,1031.75,1427.3575,2525.375,1692.5,33.98,51.45
122.8,855.13125,696.60625,1618,1619.24125,2024.47125,1881.0625,1031.875,1426.935,2525.25,1692.375,33.98,51.46
122.9,855.02,696.35625,1618,1619.13125,2024.40875,1881.0625,1031.875,1426.30125,2525.25,1692.25,33.98,51.5
123.0,855.02,695.98125,1617.875,1619.0225,2024.34625,1881.0625,1031.875,1425.88,2525.125,1692.125,34,51.46
123.1,854.9075,695.73125,1617.875,1619.0225,2024.34625,1880.995,1032,1425.4575,2525.125,1692,34,51.46
123.2,854.9075,695.48125,1617.75,1618.9125,2024.2825,1880.995,1032,1424.825,2525,1691.875,34,51.52
123.3,854.9075,695.23125,1617.625,1618.9125,2024.2825,1880.995,1032,1424.40375,2524.875,1691.75,34,51.46
123.4,854.79625,694.85625,1617.625,1618.8025,2024.22,1880.9275,1032,1423.98125,2524.875,1691.625,34.01,51.46
123.5,854.79625,694.60625,1617.5,1618.8025,2024.22,1880.9275,1032,1423.56,2524.75,1691.5,34,51.5
123.6,854.79625,694.35625,1617.5,1618.6925,2024.1575,1880.86,1032,1423.1375,2524.625,1691.375,33.97,51.46
123.7,854.79625,694.10625,1617.375,1618.6925,2024.09375,1880.86,1032.125,1422.71625,2524.625,1691.125,34,51.47
123.8,854.79625,693.85625,1617.25,1618.58375,2024.09375,1880.86,1032.125,1422.29375,2524.5,1691.125,33.97,51.46
123.9,854.685,693.60625,1617.125,1618.47375,2024.03125,1880.86,1032.125,1421.8725,2524.375,1690.875,33.98,51.44
124.0,854.685,693.35625,1617.125,1618.47375,2024.03125,1880.86,1032.25,1421.45,2524.375,1690.75,33.98,51.45
124.1,854.685,693.10625,1617,1618.36375,2023.96875,1880.7925,1032.25,1421.02875,2524.25,1690.625,34,51.44
124.2,854.57375,692.85625,1616.875,1618.36375,2023.96875,1880.7925,1032.25,1420.60625,2524.25,1690.5,34,51.5
124.3,854.57375,692.60625,1616.875,1618.255,2023.905,1880.7925,1032.375,1419.97375,2524.125,1690.375,34.01,51.45
124.4,854.57375,692.35625,1616.75,1618.255,2023.905,1880.7925,1032.375,1419.55125,2524,1690.25,34.01,51.44
124.5,854.57375,692.10625,1616.75,1618.145,2023.8425,1880.725,1032.375,1419.13,2523.875,1690,33.98,51.46
124.6,854.57375,691.85625,1616.625,1618.145,2023.8425,1880.725,1032.375,1418.7075,2523.875,1689.875,33.97,51.4
124.7,854.46125,691.60625,1616.5,1618.035,2023.78,1880.725,1032.375,1418.28625,2523.75,1689.75,34,51.45
124.8,854.57375,691.35625,1616.5,1617.925,2023.78,1880.725,1032.375,1417.86375,2523.625,1689.625,34,51.41
124.9,854.46125,691.10625,1616.375,1617.925,2023.71625,1880.65875,1032.5,1417.23125,2523.625,1689.5,34,51.49
125.0,854.46125,690.98125,1616.375,1617.81625,2023.71625,1880.725,1032.5,1416.80875,2523.5,1689.375,34,51.42
125.1,854.46125,690.7325,1616.25,1617.81625,2023.65375,1880.65875,1032.5,1416.3875,2523.375,1689.25,34.01,51.46
125.2,854.46125,690.4825,1616.25,1617.81625,2023.65375,1880.65875,1032.625,1415.965,2523.375,1689,33.97,51.45
125.3,854.35,690.2325,1616.125,1617.70625,2023.59125,1880.65875,1032.625,1415.54375,2523.25,1688.875,33.98,51.42
125.4,854.35,689.9825,1616,1617.59625,2023.59125,1880.59125,1032.75,1415.12125,2523.25,1688.75,33.98,51.44
125.5,854.35,689.8575,1615.875,1617.59625,2023.5275,1880.59125,1032.625,1414.48875,2523.125,1688.75,34,51.44
125.6,854.23875,689.6075,1615.875,1617.48625,2023.5275,1880.59125,1032.75,1414.0675,2523,1688.625,33.98,51.42
125.7,854.23875,689.3575,1615.75,1617.48625,2023.465,1880.59125,1032.75,1413.645,2523,1688.375,33.98,51.42
125.8,854.23875,689.1075,1615.625,1617.3775,2023.465,1880.59125,1032.75,1413.22375,2522.875,1688.375,33.97,51.41
125.9,854.23875,688.9825,1615.625,1617.3775,2023.4025,1880.59125,1032.75,1412.80125,2522.875,1688.25,34.01,51.4
126.0,854.23875,688.7325,1615.5,1617.2675,2023.4025,1880.59125,1032.875,1412.38,2522.875,1688.125,33.98,51.4
126.1,854.1275,688.4825,1615.5,1617.2675,2023.4025,1880.52375,1032.875,1412.16875,2522.75,1688,33.97,51.4
126.2,854.1275,688.3575,1615.375,1617.1575,2023.33875,1880.52375,1033,1411.53625,2522.625,1687.875,33.98,51.42
126.3,854.1275,688.1075,1615.375,1617.1575,2023.27625,1880.52375,1033,1411.325,2522.625,1687.875,33.98,51.42
126.4,854.1275,687.8575,1615.25,1617.04875,2023.27625,1880.52375,1033,1410.6925,2522.625,1687.75,33.98,51.4
126.5,854.015,687.7325,1615.125,1617.04875,2023.2125,1880.52375,1033,1410.27,2522.5,1687.625,33.97,51.4
126.6,854.015,687.4825,1615.125,1616.93875,2023.2125,1880.52375,1033.125,1409.84875,2522.5,1687.5,33.98,51.38
126.7,854.015,687.3575,1615,1616.93875,2023.15,1880.45625,1033.125,1409.42625,2522.375,1687.375,34,51.45
126.8,854.015,686.9825,1614.875,1616.93875,2023.15,1880.45625,1033.125,1409.005,2522.375,1687.25,33.98,51.41
126.9,853.90375,686.8575,1614.875,1616.82875,2023.0875,1880.45625,1033.125,1408.5825,2522.25,1687.25,33.98,51.42
127.0,853.90375,686.6075,1614.75,1616.82875,2023.0875,1880.45625,1033.125,1408.16125,2522.25,1687.125,34.01,51.39
127.1,853.90375,686.4825,1614.75,1616.71875,2023.0875,1880.45625,1033.25,1407.73875,2522.125,1687,34,51.4
127.2,853.90375,686.3575,1614.625,1616.71875,2023.0875,1880.45625,1033.25,1407.31625,2522.125,1687,33.97,51.37
127.3,853.90375,686.1075,1614.625,1616.61,2023.025,1880.45625,1033.25,1406.895,2522,1686.875,33.98,51.42
127.4,853.7925,685.9825,1614.5,1616.61,2023.025,1880.38875,1033.25,1406.4725,2522,1686.75,33.98,51.4
127.5,853.7925,685.7325,1614.5,1616.61,2022.96125,1880.38875,1033.375,1406.05125,2522,1686.625,33.97,51.4
127.6,853.7925,685.6075,1614.375,1616.5,2022.89875,1880.38875,1033.375,1405.62875,2521.875,1686.625,33.97,51.41
127.7,853.7925,685.3575,1614.375,1616.5,2022.89875,1880.32125,1033.5,1405.2075,2521.75,1686.5,33.97,51.37
127.8,853.7925,685.2325,1614.25,1616.39,2022.89875,1880.38875,1033.5,1404.785,2521.75,1686.375,33.98,51.41
127.9,853.68125,684.9825,1614.125,1616.39,2022.83625,1880.38875,1033.5,1404.36375,2521.75,1686.375,33.97,51.38
128.0,853.68125,684.8575,1614,1616.28,2022.83625,1880.32125,1033.5,1403.94125,2521.625,1686.25,33.97,51.42
128.1,853.68125,684.6075,1614,1616.28,2022.83625,1880.32125,1033.5,1403.52,2521.625,1686.125,33.97,51.37
128.2,853.68125,684.4825,1613.875,1616.17125,2022.7725,1880.32125,1033.625,1403.0975,2521.5,1686,34,51.37
128.3,853.56875,684.2325,1613.875,1616.17125,2022.7725,1880.32125,1033.625,1402.67625,2521.5,1685.875,34,51.38
128.4,853.56875,684.1075,1613.75,1616.17125,2022.71,1880.32125,1033.625,1402.25375,2521.375,1685.75,33.98,51.41
128.5,853.56875,683.8575,1613.75,1616.06125,2022.71,1880.32125,1033.625,1401.8325,2521.375,1685.625,33.98,51.4
128.6,853.56875,683.7325,1613.625,1616.06125,2022.71,1880.25375,1033.75,1401.41,2521.375,1685.5,34,51.36
128.7,853.56875,683.48375,1613.5,1615.95125,2022.64625,1880.25375,1033.75,1400.98875,2521.25,1685.375,33.98,51.38
128.8,853.56875,683.35875,1613.5,1615.95125,2022.64625,1880.32125,1033.75,1400.56625,2521.125,1685.375,33.97,51.38
128.9,853.4575,683.23375,1613.375,1615.8425,2022.58375,1880.25375,1033.75,1400.145,2521.125,1685.25,33.97,51.42
129.0,853.4575,682.98375,1613.375,1615.8425,2022.58375,1880.25375,1033.875,1399.7225,2521.125,1685.125,33.98,51.4
129.1,853.4575,682.73375,1613.25,1615.8425,2022.52125,1880.25375,1033.875,1399.30125,2521,1685,33.98,51.4
129.2,853.4575,682.60875,1613.25,1615.7325,2022.52125,1880.25375,1033.875,1398.87875,2520.875,1684.875,33.98,51.4
129.3,853.34625,682.35875,1613.125,1615.7325,2022.52125,1880.25375,1033.875,1398.245,2520.875,1684.75,33.98,51.4
129.4,853.4575,682.23375,1613,1615.6225,2022.4575,1880.18625,1034,1398.035,2520.75,1684.75,33.97,51.38
129.5,853.34625,682.10875,1613,1615.6225,2022.4575,1880.25375,1034,1397.6125,2520.75,1684.625,34,51.36
129.6,853.34625,681.85875,1612.875,1615.6225,2022.4575,1880.18625,1034,1397.19125,2520.625,1684.5,33.98,51.36
129.7,853.34625,681.73375,1612.75,1615.5125,2022.395,1880.18625,1034.125,1396.76875,2520.625,1684.375,33.97,51.4
129.8,853.34625,681.48375,1612.75,1615.5125,2022.395,1880.18625,1034.125,1396.3475,2520.625,1684.25,34.01,51.37
129.9,853.34625,681.35875,1612.75,1615.5125,2022.395,1880.18625,1034.125,1395.925,2520.625,1684.25,33.98,51.41
130.0,853.235,681.23375,1612.625,1615.40375,2022.3325,1880.18625,1034.125,1395.50375,2520.5,1684.125,33.98,51.38
130.1,853.235,680.98375,1612.5,1615.40375,2022.3325,1880.18625,1034.125,1395.08125,2520.375,1684.125,34,51.38
130.2,853.235,680.85875,1612.5,1615.29375,2022.26875,1880.18625,1034.25,1394.66,2520.375,1684,33.97,51.38
130.3,853.1225,680.73375,1612.375,1615.29375,2022.26875,1880.18625,1034.25,1394.2375,2520.25,1683.875,33.98,51.4
130.4,853.235,680.48375,1612.375,1615.29375,2022.26875,1880.18625,1034.25,1393.81625,2520.25,1683.75,34,51.4
130.5,853.1225,680.35875,1612.25,1615.18375,2022.26875,1880.18625,1034.25,1393.605,2520.125,1683.625,34,51.36
130.6,853.235,680.23375,1612.25,1615.18375,2022.20625,1880.18625,1034.375,1393.1825,2520.125,1683.5,33.97,51.37
130.7,853.1225,680.10875,1612.125,1615.18375,2022.20625,1880.11875,1034.375,1392.76125,2520,1683.375,33.97,51.4
130.8,853.1225,679.85875,1612.125,1615.07375,2022.20625,1880.18625,1034.375,1392.12875,2520,1683.375,33.98,51.38
130.9,853.01125,679.73375,1612,1615.07375,2022.20625,1880.11875,1034.375,1391.9175,2519.875,1683.25,33.98,51.4
131.0,853.01125,679.48375,1612,1614.965,2022.14375,1880.18625,1034.375,1391.495,2519.875,1683.125,33.97,51.37
131.1,853.01125,679.35875,1611.875,1614.965,2022.08,1880.11875,1034.5,1391.07375,2519.75,1682.875,34,51.37
131.2,853.01125,679.23375,1611.875,1614.965,2022.08,1880.18625,1034.5,1390.65125,2519.75,1682.75,33.97,51.36
131.3,853.01125,678.98375,1611.75,1614.965,2022.08,1880.11875,1034.625,1390.23,2519.625,1682.75,33.98,51.37
131.4,853.01125,678.85875,1611.625,1614.855,2022.0175,1880.11875,1034.625,1389.8075,2519.625,1682.625,33.98,51.35
131.5,852.9,678.73375,1611.625,1614.855,2022.0175,1880.11875,1034.625,1389.59625,2519.5,1682.5,33.98,51.4
131.6,852.9,678.60875,1611.5,1614.855,2022.0175,1880.11875,1034.625,1389.175,2519.5,1682.375,33.97,51.38
131.7,852.9,678.48375,1611.5,1614.745,2021.955,1880.11875,1034.75,1388.7525,2519.375,1682.375,33.98,51.4
131.8,852.9,678.35875,1611.375,1614.745,2021.955,1880.11875,1034.75,1388.33125,2519.375,1682.25,33.97,51.37
131.9,852.9,678.23375,1611.375,1614.745,2021.955,1880.11875,1034.75,1387.90875,2519.25,1682.125,33.98,51.36
132.0,852.9,677.98375,1611.25,1614.63625,2021.955,1880.11875,1034.875,1387.4875,2519.25,1682,33.97,51.4
132.1,852.9,677.85875,1611.25,1614.63625,2021.89125,1880.11875,1034.75,1387.065,2519.25,1682,33.98,51.35
132.2,852.9,677.73375,1611.125,1614.52625,2021.89125,1880.11875,1034.875,1386.64375,2519.125,1681.875,33.97,51.4
132.3,852.78875,677.48375,1611.125,1614.52625,2021.89125,1880.11875,1034.875,1386.4325,2519,1681.875,33.97,51.37
132.4,852.78875,677.35875,1611,1614.52625,2021.82875,1880.11875,1034.875,1386.01125,2519,1681.625,33.97,51.37
132.5,852.78875,677.23375,1610.875,1614.52625,2021.82875,1880.11875,1035,1385.58875,2518.875,1681.625,33.98,51.32
132.6,852.78875,677.10875,1611,1614.41625,2021.82875,1880.0525,1035,1385.1675,2518.875,1681.5,34,51.4
132.7,852.78875,676.98375,1610.875,1614.41625,2021.76625,1880.11875,1035,1384.745,2518.875,1681.5,33.98,51.36
132.8,852.78875,676.85875,1610.75,1614.41625,2021.76625,1880.11875,1035.125,1384.32375,2518.75,1681.375,33.97,51.4
132.9,852.78875,676.73375,1610.75,1614.30625,2021.76625,1880.0525,1035.125,1384.1125,2518.625,1681.375,33.98,51.4
133.0,852.78875,676.60875,1610.75,1614.30625,2021.76625,1880.0525,1035,1383.69,2518.625,1681.25,33.98,51.36
133.1,852.78875,676.48375,1610.625,1614.30625,2021.76625,1880.0525,1035.25,1383.26875,2518.625,1681.125,33.98,51.36
133.2,852.67625,676.35875,1610.5,1614.1975,2021.7025,1880.0525,1035.25,1382.84625,2518.5,1681.125,33.98,51.4
133.3,852.67625,676.235,1610.5,1614.1975,2021.7025,1880.0525,1035.25,1382.63625,2518.5,1681,33.98,51.35
133.4,852.78875,676.11,1610.375,1614.1975,2021.64,1880.0525,1035.25,1382.21375,2518.375,1680.875,33.97,51.42
133.5,852.67625,675.86,1610.375,1614.0875,2021.64,1880.0525,1035.25,1382.0025,2518.375,1680.75,33.95,51.42
133.6,852.67625,675.86,1610.25,1614.0875,2021.64,1880.0525,1035.25,1381.58125,2518.375,1680.75,33.97,51.37
133.7,852.67625,675.735,1610.25,1614.0875,2021.5775,1880.0525,1035.375,1381.15875,2518.25,1680.625,34,51.36
133.8,852.67625,675.485,1610.125,1613.9775,2021.5775,1880.0525,1035.375,1380.7375,2518.25,1680.5,33.94,51.35
133.9,852.565,675.36,1610.125,1613.9775,2021.5775,1880.0525,1035.375,1380.315,2518.25,1680.375,33.97,51.37
134.0,852.67625,675.36,1610,1613.9775,2021.51375,1880.0525,1035.5,1380.10375,2518.125,1680.375,33.98,51.38
134.1,852.565,675.11,1610,1613.9775,2021.51375,1880.0525,1035.375,1379.6825,2518.125,1680.25,34,51.37
134.2,852.565,674.985,1609.875,1613.9775,2021.51375,1880.0525,1035.5,1379.26,2518.125,1680.25,33.97,51.38
134.3,852.565,674.985,1609.875,1613.8675,2021.51375,1879.985,1035.5,1378.83875,2518.125,1680.125,33.97,51.41
134.4,852.565,674.735,1609.75,1613.8675,2021.51375,1879.985,1035.5,1378.6275,2518,1680,33.97,51.34
134.5,852.565,674.61,1609.75,1613.75875,2021.51375,1879.985,1035.5,1378.205,2518,1679.875,33.98,51.37
134.6,852.565,674.485,1609.625,1613.75875,2021.45125,1879.985,1035.625,1377.78375,2517.875,1679.875,33.98,51.37
134.7,852.565,674.485,1609.625,1613.75875,2021.45125,1879.985,1035.625,1377.5725,2517.875,1679.75,33.97,51.4
134.8,852.565,674.235,1609.5,1613.75875,2021.45125,1879.985,1035.625,1376.94,2517.875,1679.625,33.98,51.37
134.9,852.45375,674.11,1609.5,1613.75875,2021.38875,1879.985,1035.75,1376.72875,2517.75,1679.5,33.98,51.38
135.0,852.45375,674.11,1609.5,1613.64875,2021.38875,1879.985,1035.75,1376.3075,2517.625,1679.375,34,51.36
135.1,852.45375,673.985,1609.375,1613.64875,2021.38875,1879.985,1035.75,1376.09625,2517.625,1679.375,34,51.37
135.2,852.45375,673.735,1609.25,1613.64875,2021.38875,1879.985,1035.875,1375.67375,2517.5,1679.25,33.97,51.38
135.3,852.45375,673.61,1609.25,1613.64875,2021.38875,1879.985,1035.875,1375.2525,2517.375,1679.25,33.97,51.41
135.4,852.45375,673.61,1609.125,1613.64875,2021.325,1879.985,1035.875,1374.83,2517.375,1679.125,33.97,51.34
135.5,852.45375,673.485,1609.125,1613.53875,2021.325,1879.985,1035.875,1374.62,2517.375,1679,33.98,51.36
135.6,852.45375,673.36,1609.125,1613.53875,2021.2625,1879.985,1036,1374.1975,2517.25,1678.875,33.97,51.4
135.7,852.45375,673.235,1609,1613.53875,2021.2625,1879.9175,1036,1373.77625,2517.25,1678.75,33.95,51.36
135.8,852.45375,673.11,1609,1613.53875,2021.2625,1879.985,1036,1373.565,2517.25,1678.625,33.97,51.37
135.9,852.45375,672.985,1608.875,1613.43,2021.2625,1879.985,1036,1373.1425,2517.125,1678.5,33.97,51.36
136.0,852.45375,672.86,1608.875,1613.43,2021.2625,1879.985,1036.125,1372.9325,2517.125,1678.5,33.95,51.39
136.1,852.3425,672.735,1608.875,1613.43,2021.2625,1879.985,1036.125,1372.51,2517,1678.375,33.98,51.37
136.2,852.45375,672.61,1608.75,1613.43,2021.2625,1879.985,1036.25,1372.29875,2517,1678.25,33.97,51.34
136.3,852.45375,672.61,1608.75,1613.43,2021.2,1879.985,1036.125,1371.8775,2517,1678.125,33.98,51.37
136.4,852.3425,672.485,1608.625,1613.43,2021.2,1880.0525,1036.25,1371.455,2517,1678.125,33.97,51.42
136.5,852.3425,672.36,1608.625,1613.32,2021.2,1880.0525,1036.25,1371.24375,2517.125,1678,33.97,51.37
136.6,852.3425,672.235,1608.5,1613.43,2021.2,1880.0525,1036.25,1370.8225,2517.125,1677.875,33.97,51.37
136.7,852.45375,672.11,1608.5,1613.43,2021.2625,1880.11875,1036.375,1370.61125,2517.25,1677.875,33.97,51.36
136.8,852.3425,671.985,1608.375,1613.43,2021.2625,1880.18625,1036.375,1370.4,2517.25,1677.75,33.98,51.4
136.9,852.3425,671.86,1608.375,1613.43,2021.2625,1880.25375,1036.5,1369.97875,2517.25,1677.75,33.97,51.31
137.0,852.45375,671.735,1608.25,1613.43,2021.2625,1880.25375,1036.5,1369.55625,2517.375,1677.625,33.97,51.33
137.1,852.45375,671.735,1608.25,1613.53875,2021.2625,1880.32125,1036.625,1369.34625,2517.375,1677.625,33.95,51.34
137.2,852.45375,671.61,1608.25,1613.53875,2021.325,1880.38875,1036.625,1369.135,2517.375,1677.5,33.98,51.37
137.3,852.45375,671.485,1608.125,1613.53875,2021.325,1880.45625,1036.75,1368.92375,2517.375,1677.375,33.98,51.36
137.4,852.45375,671.485,1608.125,1613.64875,2021.38875,1880.52375,1036.75,1368.7125,2517.375,1677.375,33.97,51.36
137.5,852.45375,671.36,1608,1613.64875,2021.38875,1880.52375,1036.875,1368.29125,2517.375,1677.25,33.97,51.37
137.6,852.565,671.235,1608,1613.75875,2021.38875,1880.59125,1037,1368.29125,2517.375,1677.25,33.97,51.37
137.7,852.565,671.235,1608,1613.64875,2021.45125,1880.65875,1037,1367.86875,2517.25,1677.25,33.98,51.33
137.8,852.565,671.11,1608,1613.75875,2021.45125,1880.65875,1037,1367.65875,2517.375,1677.125,33.97,51.34
137.9,852.565,670.985,1608,1613.75875,2021.45125,1880.725,1037.125,1367.4475,2517.25,1677.125,33.97,51.41
138.0,852.67625,670.86,1607.875,1613.75875,2021.51375,1880.725,1037.25,1367.23625,2517.25,1677,33.98,51.37
138.1,852.67625,670.86,1607.875,1613.8675,2021.51375,1880.7925,1037.25,1367.025,2517.25,1677,33.95,51.38
138.2,852.67625,670.735,1607.75,1613.8675,2021.51375,1880.7925,1037.25,1366.815,2517.125,1676.875,33.97,51.41
138.3,852.78875,670.735,1607.75,1613.8675,2021.51375,1880.7925,1037.375,1366.3925,2517.125,1676.875,33.98,51.38
138.4,852.78875,670.61,1607.625,1613.8675,2021.51375,1880.86,1037.375,1366.18125,2517.125,1676.875,33.95,51.36
138.5,852.78875,670.485,1607.75,1613.8675,2021.5775,1880.86,1037.375,1365.97125,2517,1676.75,33.97,51.37
138.6,852.9,670.485,1607.625,1613.8675,2021.5775,1880.86,1037.5,1365.76,2516.875,1676.625,33.95,51.38
138.7,852.9,670.36,1607.625,1613.9775,2021.51375,1880.9275,1037.5,1365.54875,2516.875,1676.625,33.98,51.37
138.8,852.9,670.235,1607.5,1613.9775,2021.5775,1880.9275,1037.5,1365.1275,2516.875,1676.625,33.97,51.38
138.9,853.01125,670.235,1607.5,1613.9775,2021.5775,1880.9275,1037.625,1364.91625,2516.75,1676.625,33.97,51.38
139.0,853.01125,670.11,1607.5,1613.9775,2021.5775,1880.9275,1037.625,1364.49375,2516.625,1676.5,33.95,51.38
139.1,853.01125,669.985,1607.375,1613.9775,2021.5775,1880.9275,1037.625,1364.28375,2516.625,1676.375,33.98,51.41
139.2,853.01125,669.86,1607.5,1613.9775,2021.5775,1880.9275,1037.75,1364.0725,2516.5,1676.375,33.95,51.42
139.3,853.1225,669.86,1607.375,1613.9775,2021.5775,1880.86,1037.75,1363.86125,2516.375,1676.375,33.95,51.38
139.4,853.1225,669.735,1607.25,1613.9775,2021.5775,1880.86,1037.75,1363.44,2516.375,1676.25,33.95,51.43
139.5,853.1225,669.61,1607.375,1613.9775,2021.51375,1880.86,1037.75,1363.0175,2516.125,1676.125,33.97,51.4
139.6,853.1225,669.485,1607.125,1613.9775,2021.51375,1880.7925,1037.875,1362.80625,2516.125,1676.125,33.98,51.42
139.7,853.235,669.485,1607.125,1613.9775,2021.51375,1880.7925,1037.875,1362.59625,2516.125,1676,34,51.42
139.8,853.235,669.36,1607.125,1613.8675,2021.51375,1880.7925,1037.875,1362.17375,2516,1676,33.98,51.46
139.9,853.235,669.235,1607,1613.8675,2021.45125,1880.725,1037.875,1361.75125,2515.875,1675.875,33.97,51.42
140.0,853.235,669.11,1607,1613.8675,2021.45125,1880.725,1038,1361.54,2515.75,1675.75,33.98,51.44
140.1,853.235,668.985,1606.875,1613.8675,2021.45125,1880.65875,1038,1361.11875,2515.75,1675.625,33.97,51.41
140.2,853.235,668.985,1606.875,1613.8675,2021.38875,1880.65875,1038,1360.9075,2515.625,1675.625,33.95,51.42
140.3,853.235,668.86125,1606.875,1613.8675,2021.38875,1880.65875,1038,1360.48625,2515.625,1675.5,33.95,51.43
140.4,853.34625,668.73625,1606.75,1613.8675,2021.38875,1880.59125,1038.125,1360.275,2515.5,1675.375,33.98,51.4
140.5,853.34625,668.61125,1606.625,1613.8675,2021.38875,1880.59125,1038.125,1360.06375,2515.375,1675.375,33.98,51.44
140.6,853.235,668.61125,1606.75,1613.8675,2021.38875,1880.52375,1038.125,1359.6425,2515.375,1675.25,33.98,51.42
140.7,853.34625,668.48625,1606.5,1613.8675,2021.325,1880.52375,1038.125,1359.22,2515.25,1675.125,33.97,51.45
140.8,853.34625,668.36125,1606.5,1613.75875,2021.325,1880.52375,1038.125,1359.00875,2515.25,1675,33.98,51.45
140.9,853.34625,668.23625,1606.375,1613.8675,2021.325,1880.45625,1038.25,1358.79875,2515.125,1674.875,33.95,51.39
141.0,853.34625,668.11125,1606.5,1613.75875,2021.2625,1880.45625,1038.25,1358.37625,2515.125,1674.75,33.98,51.4
141.1,853.34625,668.11125,1606.375,1613.75875,2021.2625,1880.45625,1038.25,1357.955,2515,1674.625,33.98,51.44
141.2,853.34625,667.98625,1606.375,1613.75875,2021.2625,1880.38875,1038.25,1357.955,2515,1674.5,33.95,51.39
141.3,853.34625,667.86125,1606.25,1613.75875,2021.2625,1880.38875,1038.25,1357.5325,2515,1674.5,33.97,51.41
141.4,853.34625,667.73625,1606.125,1613.75875,2021.2,1880.38875,1038.375,1357.32125,2514.875,1674.375,33.98,51.44
141.5,853.34625,667.73625,1606.125,1613.75875,2021.2,1880.38875,1038.375,1356.9,2514.875,1674.25,33.97,51.41
141.6,853.4575,667.61125,1606.125,1613.75875,2021.2625,1880.32125,1038.5,1356.68875,2514.75,1674.25,33.94,51.43
141.7,853.4575,667.48625,1606,1613.75875,2021.2,1880.32125,1038.5,1356.2675,2514.75,1674.125,33.97,51.42
141.8,853.4575,667.48625,1606,1613.75875,2021.2,1880.32125,1038.5,1356.05625,2514.625,1674,33.97,51.4
141.9,853.4575,667.36125,1605.875,1613.75875,2021.13625,1880.32125,1038.5,1355.63375,2514.625,1673.875,33.98,51.41
142.0,853.4575,667.23625,1606,1613.75875,2021.13625,1880.25375,1038.5,1355.42375,2514.5,1673.75,33.94,51.42
142.1,853.4575,667.23625,1605.875,1613.64875,2021.13625,1880.25375,1038.5,1355.2125,2514.375,1673.625,33.97,51.38
142.2,853.4575,667.11125,1605.75,1613.75875,2021.13625,1880.25375,1038.625,1354.79,2514.375,1673.625,33.98,51.4
142.3,853.56875,666.98625,1605.75,1613.64875,2021.07375,1880.18625,1038.625,1354.58,2514.25,1673.5,33.98,51.41
142.4,853.56875,666.98625,1605.625,1613.64875,2021.07375,1880.18625,1038.625,1354.36875,2514.25,1673.375,33.98,51.41
142.5,853.56875,666.86125,1605.625,1613.75875,2021.07375,1880.18625,1038.625,1353.94625,2514.125,1673.25,33.95,51.4
142.6,853.56875,666.73625,1605.625,1613.64875,2021.07375,1880.11875,1038.75,1353.73625,2514.125,1673.25,33.95,51.4
142.7,853.56875,666.73625,1605.5,1613.64875,2021.01125,1880.11875,1038.75,1353.31375,2514,1673.125,33.98,51.37
142.8,853.56875,666.73625,1605.5,1613.64875,2021.01125,1880.0525,1038.75,1352.8925,2513.875,1673.125,34,51.4
142.9,853.56875,666.61125,1605.5,1613.53875,2021.01125,1879.985,1038.75,1352.68125,2513.875,1673,33.98,51.4
143.0,853.56875,666.48625,1605.375,1613.53875,2020.9475,1879.985,1038.875,1352.47,2513.75,1672.875,33.97,51.37
143.1,853.68125,666.36125,1605.25,1613.53875,2020.9475,1879.985,1038.875,1352.0475,2513.75,1672.875,33.97,51.4
143.2,853.56875,666.23625,1605.25,1613.53875,2020.9475,1879.9175,1038.875,1351.8375,2513.625,1672.75,33.95,51.36
143.3,853.68125,666.23625,1605.25,1613.53875,2020.885,1879.9175,1039,1351.62625,2513.625,1672.75,33.95,51.4
143.4,853.68125,666.11125,1605.125,1613.43,2020.885,1879.9175,1038.875,1351.20375,2513.5,1672.625,33.98,51.38
143.5,853.68125,666.11125,1605.125,1613.43,2020.885,1879.85,1039,1350.99375,2513.5,1672.5,33.98,51.36
143.6,853.68125,665.98625,1605,1613.43,2020.8225,1879.7825,1039,1350.7825,2513.375,1672.375,33.94,51.38
143.7,853.68125,665.86125,1605,1613.43,2020.8225,1879.7825,1039,1350.36,2513.375,1672.375,33.97,51.37
143.8,853.68125,665.86125,1605,1613.43,2020.8225,1879.7825,1039,1350.15,2513.375,1672.125,33.97,51.38
143.9,853.68125,665.86125,1604.875,1613.32,2020.8225,1879.7825,1039,1349.7275,2513.25,1672.125,33.95,51.38
144.0,853.68125,665.73625,1604.875,1613.32,2020.75875,1879.715,1039.125,1349.30625,2513.25,1672,34,51.36
144.1,853.68125,665.73625,1604.75,1613.32,2020.69625,1879.715,1039.125,1349.095,2513.125,1671.875,33.97,51.34
144.2,853.68125,665.73625,1604.75,1613.32,2020.69625,1879.715,1039.125,1348.88375,2513.125,1671.75,33.97,51.34
144.3,853.68125,665.61125,1604.625,1613.32,2020.69625,1879.6475,1039.125,1348.4625,2513,1671.625,33.98,51.37
144.4,853.68125,665.61125,1604.625,1613.32,2020.69625,1879.6475,1039.25,1348.25125,2513,1671.5,33.95,51.35
144.5,853.68125,665.48625,1604.625,1613.21,2020.69625,1879.6475,1039.25,1347.82875,2512.875,1671.375,33.94,51.34
144.6,853.68125,665.48625,1604.5,1613.21,2020.63375,1879.6475,1039.125,1347.61875,2512.75,1671.25,33.97,51.36
144.7,853.68125,665.48625,1604.5,1613.21,2020.63375,1879.58,1039.25,1347.19625,2512.75,1671.125,33.95,51.35
144.8,853.68125,665.36125,1604.375,1613.21,2020.57,1879.58,1039.25,1346.985,2512.625,1671.125,33.98,51.35
144.9,853.68125,665.23625,1604.375,1613.1,2020.57,1879.58,1039.375,1346.56375,2512.625,1671,33.97,51.37
145.0,853.68125,665.23625,1604.375,1613.1,2020.57,1879.51375,1039.375,1346.3525,2512.5,1670.875,33.97,51.34
145.1,853.68125,665.11125,1604.25,1613.1,2020.57,1879.58,1039.375,1346.14125,2512.5,1670.75,33.97,51.36
145.2,853.68125,665.11125,1604.125,1613.1,2020.5075,1879.51375,1039.375,1345.72,2512.5,1670.625,33.95,51.35
145.3,853.68125,665.11125,1604.125,1612.99125,2020.5075,1879.51375,1039.375,1345.50875,2512.375,1670.625,33.95,51.3
145.4,853.68125,664.98625,1604.125,1613.1,2020.5075,1879.51375,1039.5,1345.0875,2512.375,1670.5,33.97,51.34
145.5,853.68125,664.98625,1604.125,1612.99125,2020.5075,1879.51375,1039.375,1344.87625,2512.25,1670.375,33.95,51.35
145.6,853.68125,664.98625,1604,1612.99125,2020.445,1879.51375,1039.5,1344.665,2512.25,1670.25,33.97,51.3
145.7,853.68125,664.86125,1604,1612.99125,2020.445,1879.51375,1039.5,1344.0325,2512.25,1670.25,33.95,51.31
145.8,853.68125,664.86125,1604,1612.99125,2020.38125,1879.44625,1039.5,1343.82125,2512.25,1670.125,33.98,51.32
145.9,853.68125,664.73625,1603.875,1612.88125,2020.445,1879.44625,1039.5,1343.61,2512.25,1670.125,33.97,51.31
146.0,853.68125,664.73625,1603.875,1612.88125,2020.38125,1879.51375,1039.625,1343.1875,2512.125,1670,33.95,51.31
146.1,853.68125,664.73625,1603.75,1612.88125,2020.38125,1879.44625,1039.625,1342.9775,2512.125,1669.875,33.95,51.31
146.2,853.68125,664.61125,1603.75,1612.88125,2020.38125,1879.44625,1039.625,1342.76625,2512.125,1669.875,33.98,51.33
146.3,853.68125,664.61125,1603.75,1612.88125,2020.38125,1879.51375,1039.75,1342.34375,2512.125,1669.75,33.98,51.3
146.4,853.68125,664.61125,1603.75,1612.77125,2020.38125,1879.51375,1039.625,1342.13375,2512,1669.625,33.95,51.33
146.5,853.56875,664.48625,1603.625,1612.77125,2020.31875,1879.44625,1039.75,1341.71125,2512,1669.625,33.97,51.31
146.6,853.68125,664.36125,1603.5,1612.77125,2020.31875,1879.44625,1039.75,1341.5,2512,1669.5,33.95,51.33
146.7,853.56875,664.36125,1603.5,1612.77125,2020.31875,1879.51375,1039.75,1341.29,2511.875,1669.5,33.98,51.32
146.8,853.56875,664.36125,1603.5,1612.77125,2020.31875,1879.51375,1039.875,1340.8675,2511.875,1669.375,33.97,51.31
146.9,853.56875,664.23625,1603.375,1612.77125,2020.31875,1879.51375,1039.875,1340.65625,2511.875,1669.25,33.97,51.29
147.0,853.56875,664.23625,1603.375,1612.66125,2020.31875,1879.44625,1039.875,1340.44625,2511.75,1669.25,33.98,51.29
147.1,853.56875,664.23625,1603.375,1612.77125,2020.25625,1879.51375,1039.875,1340.02375,2511.75,1669.125,33.97,51.3
147.2,853.68125,664.11125,1603.25,1612.66125,2020.31875,1879.44625,1040,1339.8125,2511.625,1669,33.95,51.29
147.3,853.56875,664.11125,1603.25,1612.66125,2020.25625,1879.51375,1040,1339.6025,2511.625,1669,33.95,51.3
147.4,853.56875,664.11125,1603.125,1612.66125,2020.25625,1879.51375,1040,1339.18,2511.625,1668.875,33.98,51.28
147.5,853.56875,663.98625,1603.125,1612.66125,2020.25625,1879.51375,1040,1338.96875,2511.5,1668.75,33.97,51.29
147.6,853.56875,663.98625,1603.125,1612.5525,2020.25625,1879.44625,1040,1338.5475,2511.5,1668.625,33.95,51.26
147.7,853.56875,663.98625,1603,1612.5525,2020.25625,1879.44625,1040.125,1338.33625,2511.375,1668.625,33.95,51.26
147.8,853.56875,663.98625,1603,1612.5525,2020.25625,1879.51375,1040.125,1338.125,2511.375,1668.625,33.97,51.26
147.9,853.56875,663.86125,1603,1612.5525,2020.1925,1879.51375,1040.125,1337.70375,2511.375,1668.625,33.97,51.26
148.0,853.56875,663.86125,1602.875,1612.5525,2020.1925,1879.44625,1040.125,1337.4925,2511.25,1668.5,33.97,51.29
148.1,853.56875,663.73625,1602.875,1612.5525,2020.1925,1879.44625,1040.25,1337.28125,2511.25,1668.375,33.95,51.28
148.2,853.56875,663.73625,1602.875,1612.5525,2020.13,1879.44625,1040.25,1336.86,2511.125,1668.375,33.97,51.29
148.3,853.56875,663.86125,1602.75,1612.5525,2020.13,1879.44625,1040.25,1336.64875,2511.25,1668.375,33.95,51.31
148.4,853.56875,663.73625,1602.75,1612.4425,2020.13,1879.44625,1040.25,1336.4375,2511.125,1668.25,33.98,51.25
148.5,853.56875,663.73625,1602.75,1612.5525,2020.13,1879.44625,1040.375,1336.2275,2511.125,1668.25,33.97,51.31
148.6,853.56875,663.73625,1602.625,1612.4425,2020.13,1879.44625,1040.375,1336.01625,2511,1668.125,33.94,51.27
148.7,853.68125,663.73625,1602.625,1612.4425,2020.13,1879.44625,1040.375,1335.805,2511,1668,33.98,51.3
148.8,853.56875,663.61125,1602.5,1612.4425,2020.13,1879.44625,1040.375,1335.38375,2511,1668,33.95,51.3
148.9,853.56875,663.61125,1602.5,1612.3325,2020.0675,1879.44625,1040.375,1334.96125,2510.875,1667.875,33.97,51.29
149.0,853.56875,663.61125,1602.5,1612.4425,2020.0675,1879.44625,1040.375,1334.96125,2510.875,1667.875,33.98,51.27
149.1,853.56875,663.48625,1602.5,1612.3325,2020.0675,1879.37875,1040.5,1334.54,2510.875,1667.75,33.95,51.28
149.2,853.68125,663.61125,1602.375,1612.3325,2020.0675,1879.37875,1040.5,1334.3275,2510.75,1667.625,33.95,51.25
149.3,853.56875,663.48625,1602.375,1612.3325,2020.0675,1879.37875,1040.5,1334.1175,2510.75,1667.625,33.98,51.28
149.4,853.56875,663.48625,1602.25,1612.3325,2020.00375,1879.37875,1040.5,1333.695,2510.625,1667.5,33.98,51.28
149.5,853.56875,663.36125,1602.25,1612.3325,2020.00375,1879.37875,1040.5,1333.48375,2510.625,1667.5,33.97,51.29
149.6,853.56875,663.36125,1602.25,1612.22375,2020.00375,1879.37875,1040.5,1333.27375,2510.5,1667.375,33.97,51.33
149.7,853.56875,663.36125,1602.125,1612.22375,2020.00375,1879.37875,1040.625,1332.85125,2510.5,1667.375,33.94,51.26
149.8,853.56875,663.23625,1602.125,1612.22375,2020.00375,1879.37875,1040.625,1332.64,2510.5,1667.25,33.97,51.29
149.9,853.56875,663.23625,1602,1612.22375,2020.00375,1879.31125,1040.625,1332.43,2510.5,1667.125,33.98,51.3
150.0,853.56875,663.11125,1602,1612.22375,2019.94125,1879.31125,1040.625,1332.0075,2510.5,1667.125,33.97,51.25
150.1,853.56875,663.11125,1602,1612.22375,2019.94125,1879.31125,1040.75,1331.79625,2510.375,1667.125,33.97,51.3
150.2,853.56875,662.98625,1601.875,1612.11375,2019.94125,1879.31125,1040.75,1331.58625,2510.375,1667,33.97,51.28
150.3,853.4575,662.98625,1601.875,1612.11375,2019.94125,1879.31125,1040.75,1331.16375,2510.375,1667,33.97,51.28
150.4,853.4575,662.98625,1601.875,1612.11375,2019.87875,1879.31125,1040.75,1330.9525,2510.375,1666.875,33.97,51.23
150.5,853.4575,662.86125,1601.875,1612.11375,2019.87875,1879.31125,1040.75,1330.53125,2510.25,1666.875,33.98,51.27
150.6,853.56875,662.86125,1601.75,1612.11375,2019.87875,1879.31125,1040.875,1330.32,2510.25,1666.875,33.97,51.24
150.7,853.4575,662.73625,1601.75,1612.00375,2019.87875,1879.31125,1040.875,1330.10875,2510.25,1666.75,33.95,51.24
150.8,853.4575,662.73625,1601.625,1612.00375,2019.815,1879.31125,1040.875,1329.6875,2510.125,1666.75,33.95,51.24
150.9,853.56875,662.61125,1601.625,1612.00375,2019.815,1879.24375,1040.875,1329.47625,2510.125,1666.625,33.97,51.25
151.0,853.4575,662.61125,1601.625,1612.00375,2019.815,1879.31125,1041,1329.265,2510.125,1666.625,33.97,51.3
151.1,853.4575,662.61125,1601.625,1611.89375,2019.815,1879.31125,1041,1328.84375,2510,1666.5,33.95,51.29
151.2,853.4575,662.48625,1601.5,1611.89375,2019.815,1879.24375,1041,1328.6325,2510,1666.5,34,51.32
151.3,853.4575,662.48625,1601.5,1611.89375,2019.7525,1879.24375,1041,1328.21125,2510,1666.375,33.95,51.28
151.4,853.4575,662.36125,1601.375,1611.89375,2019.7525,1879.24375,1041.125,1328,2509.875,1666.25,34.01,51.27
151.5,853.4575,662.36125,1601.375,1611.89375,2019.7525,1879.24375,1041,1327.78875,2509.875,1666.25,33.98,51.27
151.6,853.4575,662.36125,1601.375,1611.89375,2019.69,1879.17625,1041,1327.5775,2509.875,1666.125,33.95,51.29
151.7,853.4575,662.23625,1601.375,1611.785,2019.69,1879.24375,1041,1327.3675,2509.875,1666.125,33.98,51.28
151.8,853.4575,662.23625,1601.25,1611.785,2019.69,1879.17625,1041.125,1327.15625,2509.75,1666,34,51.26
151.9,853.4575,662.11125,1601.25,1611.785,2019.69,1879.17625,1041.125,1326.73375,2509.75,1665.875,33.95,51.25
152.0,853.4575,662.11125,1601.125,1611.785,2019.69,1879.24375,1041.25,1326.52375,2509.625,1665.875,33.98,51.25
152.1,853.34625,661.98625,1601.125,1611.785,2019.62625,1879.17625,1041.125,1326.10125,2509.625,1665.75,33.95,51.25
152.2,853.4575,661.98625,1601.125,1611.675,2019.62625,1879.24375,1041.125,1325.89,2509.625,1665.75,33.98,51.25
152.3,853.4575,661.86125,1601,1611.675,2019.62625,1879.17625,1041.25,1325.46875,2509.5,1665.625,33.98,51.25
152.4,853.34625,661.86125,1601,1611.675,2019.62625,1879.17625,1041.25,1325.46875,2509.5,1665.5,33.98,51.25
152.5,853.34625,661.86125,1601,1611.675,2019.62625,1879.17625,1041.25,1325.2575,2509.5,1665.5,33.97,51.21
152.6,853.34625,661.73625,1601,1611.675,2019.62625,1879.17625,1041.25,1325.04625,2509.5,1665.375,33.95,51.28
152.7,853.34625,661.73625,1600.875,1611.675,2019.56375,1879.17625,1041.375,1324.835,2509.5,1665.375,33.97,51.25
152.8,853.34625,661.61125,1600.875,1611.565,2019.56375,1879.17625,1041.375,1324.41375,2509.5,1665.25,33.97,51.26
152.9,853.34625,661.48625,1600.875,1611.565,2019.56375,1879.17625,1041.375,1324.2025,2509.375,1665.125,33.97,51.26
153.0,853.34625,661.48625,1600.75,1611.565,2019.56375,1879.17625,1041.375,1323.78125,2509.375,1665,33.94,51.22
153.1,853.235,661.36125,1600.75,1611.455,2019.5,1879.24375,1041.5,1323.78125,2509.375,1664.875,33.95,51.26
153.2,853.235,661.36125,1600.625,1611.565,2019.5,1879.24375,1041.5,1323.57,2509.375,1664.875,33.97,51.24
153.3,853.235,661.36125,1600.625,1611.455,2019.5,1879.31125,1041.5,1323.1475,2509.375,1664.875,33.95,51.22
153.4,853.34625,661.23625,1600.625,1611.455,2019.5,1879.24375,1041.5,1322.72625,2509.375,1664.75,33.95,51.28
153.5,853.34625,661.11125,1600.625,1611.455,2019.5,1879.31125,1041.625,1322.515,2509.25,1664.75,33.97,51.25
153.6,853.34625,661.11125,1600.625,1611.455,2019.5,1879.31125,1041.625,1322.30375,2509.25,1664.625,33.95,51.29
153.7,853.235,660.9875,1600.5,1611.34625,2019.5,1879.31125,1041.625,1321.8825,2509.25,1664.625,33.97,51.26
153.8,853.235,660.9875,1600.5,1611.34625,2019.5,1879.31125,1041.625,1321.67125,2509.25,1664.5,33.94,51.29
153.9,853.235,660.8625,1600.375,1611.34625,2019.4375,1879.37875,1041.75,1321.46,2509.25,1664.5,34,51.26
154.0,853.235,660.8625,1600.375,1611.34625,2019.4375,1879.37875,1041.75,1321.03875,2509.25,1664.375,33.95,51.25
154.1,853.235,660.8625,1600.375,1611.34625,2019.4375,1879.37875,1041.75,1320.8275,2509.25,1664.375,33.97,51.26
154.2,853.235,660.7375,1600.375,1611.34625,2019.4375,1879.44625,1041.75,1320.61625,2509.25,1664.25,33.95,51.25
154.3,853.235,660.7375,1600.25,1611.23625,2019.4375,1879.44625,1041.875,1320.40625,2509.25,1664.25,33.95,51.29
154.4,853.235,660.6125,1600.25,1611.23625,2019.4375,1879.44625,1041.875,1319.98375,2509.25,1664.25,33.97,51.26
154.5,853.235,660.6125,1600.25,1611.23625,2019.4375,1879.44625,1041.875,1319.7725,2509.25,1664.125,33.95,51.25
154.6,853.235,660.4875,1600.125,1611.23625,2019.4375,1879.51375,1041.875,1319.5625,2509.25,1664,33.95,51.28
154.7,853.235,660.4875,1600,1611.23625,2019.4375,1879.51375,1041.875,1319.35125,2509.25,1664,33.97,51.3
154.8,853.235,660.4875,1600,1611.23625,2019.4375,1879.51375,1042,1318.92875,2509.25,1664,33.95,51.26
154.9,853.235,660.3625,1600,1611.23625,2019.4375,1879.58,1042,1318.71875,2509.25,1664,33.97,51.24
155.0,853.235,660.3625,1600,1611.12625,2019.4375,1879.58,1042.125,1318.5075,2509.375,1664,33.98,51.25
155.1,853.235,660.2375,1600,1611.12625,2019.4375,1879.6475,1042.125,1318.29625,2509.375,1663.875,33.95,51.24
155.2,853.235,660.1125,1599.875,1611.12625,2019.4375,1879.6475,1042.125,1318.085,2509.375,1663.875,33.97,51.33
155.3,853.235,660.1125,1599.875,1611.12625,2019.4375,1879.6475,1042.125,1317.66375,2509.375,1663.875,33.95,51.26
155.4,853.235,659.9875,1599.75,1611.12625,2019.4375,1879.715,1042.25,1317.4525,2509.375,1663.875,33.97,51.29
155.5,853.1225,659.9875,1599.75,1611.01625,2019.4375,1879.715,1042.25,1317.24125,2509.375,1663.875,33.95,51.28
155.6,853.235,659.8625,1599.75,1611.12625,2019.4375,1879.7825,1042.25,1316.82,2509.375,1663.875,33.97,51.26
155.7,853.1225,659.7375,1599.75,1611.01625,2019.4375,1879.7825,1042.25,1316.82,2509.375,1663.75,33.97,51.25
155.8,853.235,659.7375,1599.625,1611.01625,2019.4375,1879.85,1042.375,1316.3975,2509.375,1663.75,33.97,51.3
155.9,853.1225,659.7375,1599.625,1611.01625,2019.4375,1879.85,1042.375,1315.975,2509.375,1663.625,33.97,51.3
156.0,853.1225,659.6125,1599.625,1611.01625,2019.4375,1879.85,1042.375,1315.765,2509.375,1663.625,33.97,51.3
156.1,853.1225,659.4875,1599.5,1611.01625,2019.4375,1879.9175,1042.375,1315.55375,2509.375,1663.625,33.97,51.3
156.2,853.1225,659.4875,1599.5,1611.01625,2019.4375,1879.9175,1042.375,1315.3425,2509.25,1663.625,33.97,51.34
156.3,853.1225,659.3625,1599.5,1610.9075,2019.4375,1879.9175,1042.5,1314.92125,2509.375,1663.625,33.97,51.28
156.4,853.1225,659.2375,1599.375,1610.9075,2019.4375,1879.985,1042.5,1314.92125,2509.375,1663.5,33.95,51.3
156.5,853.1225,659.1125,1599.375,1610.9075,2019.4375,1879.985,1042.5,1314.49875,2509.375,1663.5,33.98,51.36
156.6,853.1225,659.1125,1599.375,1610.9075,2019.4375,1880.0525,1042.625,1314.2875,2509.25,1663.375,33.97,51.29
156.7,853.1225,658.9875,1599.375,1610.9075,2019.4375,1880.0525,1042.625,1314.0775,2509.25,1663.375,33.98,51.35
156.8,853.01125,658.8625,1599.375,1610.9075,2019.5,1880.0525,1042.75,1313.86625,2509.25,1663.375,33.98,51.32
156.9,853.01125,658.7375,1599.25,1610.7975,2019.5,1880.11875,1042.625,1313.655,2509.25,1663.25,33.98,51.32
157.0,853.01125,658.7375,1599.25,1610.7975,2019.5,1880.11875,1042.75,1313.23375,2509.25,1663.25,33.95,51.34
157.1,853.1225,658.7375,1599.25,1610.7975,2019.5,1880.18625,1042.75,1313.0225,2509.25,1663.25,33.97,51.31
157.2,853.1225,658.6125,1599.125,1610.7975,2019.5,1880.18625,1042.75,1312.81125,2509.125,1663.125,33.97,51.33
157.3,853.1225,658.4875,1599.125,1610.7975,2019.5,1880.18625,1042.875,1312.6,2509.125,1663.125,33.97,51.37
157.4,853.1225,658.4875,1599,1610.6875,2019.5,1880.18625,1042.875,1312.17875,2509.125,1663.125,33.95,51.33
157.5,853.01125,658.3625,1599,1610.6875,2019.5,1880.25375,1042.75,1311.9675,2509.125,1663,33.98,51.36
157.6,853.1225,658.3625,1599,1610.6875,2019.5,1880.25375,1042.875,1311.75625,2509.125,1663,33.97,51.36
157.7,853.1225,658.2375,1598.875,1610.6875,2019.5,1880.25375,1042.875,1311.335,2509.125,1663,33.97,51.37
157.8,853.01125,658.1125,1598.875,1610.6875,2019.5,1880.32125,1042.875,1311.12375,2509.125,1663,33.95,51.35
157.9,853.1225,657.9875,1598.875,1610.6875,2019.5,1880.32125,1043,1310.9125,2509,1662.875,33.97,51.38
158.0,853.01125,657.9875,1598.75,1610.6875,2019.56375,1880.32125,1043,1310.7025,2509,1662.875,33.98,51.35
158.1,853.01125,657.8625,1598.75,1610.5775,2019.5,1880.38875,1043,1310.49125,2509,1662.75,33.97,51.41
158.2,853.01125,657.7375,1598.75,1610.5775,2019.5,1880.38875,1043,1310.06875,2508.875,1662.75,33.97,51.43
158.3,853.01125,657.7375,1598.75,1610.5775,2019.56375,1880.38875,1043.125,1309.85875,2508.875,1662.625,33.97,51.38
158.4,853.01125,657.6125,1598.75,1610.5775,2019.56375,1880.38875,1043.125,1309.6475,2508.875,1662.625,33.97,51.37
158.5,853.1225,657.6125,1598.625,1610.5775,2019.56375,1880.38875,1043.125,1309.43625,2508.75,1662.625,33.97,51.41
158.6,853.1225,657.4875,1598.625,1610.5775,2019.56375,1880.45625,1043.125,1309.225,2508.625,1662.625,33.95,51.4
158.7,853.1225,657.4875,1598.625,1610.46875,2019.56375,1880.45625,1043.125,1309.015,2508.625,1662.5,33.98,51.44
158.8,853.01125,657.3625,1598.625,1610.46875,2019.56375,1880.38875,1043.25,1308.5925,2508.5,1662.5,33.97,51.38
158.9,853.1225,657.2375,1598.5,1610.46875,2019.56375,1880.45625,1043.25,1308.38125,2508.5,1662.375,33.97,51.43
159.0,853.01125,657.2375,1598.5,1610.46875,2019.56375,1880.45625,1043.25,1308.17125,2508.375,1662.25,33.94,51.42
159.1,853.01125,657.1125,1598.5,1610.46875,2019.56375,1880.38875,1043.125,1307.74875,2508.375,1662.125,33.95,51.46
159.2,853.01125,656.9875,1598.375,1610.46875,2019.56375,1880.45625,1043.25,1307.5375,2508.25,1662.125,33.95,51.39
159.3,853.01125,656.9875,1598.375,1610.46875,2019.56375,1880.45625,1043.25,1307.3275,2508.25,1662,33.97,51.41
159.4,853.01125,656.9875,1598.375,1610.35875,2019.56375,1880.45625,1043.375,1306.905,2508.125,1662,33.97,51.42
159.5,853.01125,656.8625,1598.25,1610.35875,2019.5,1880.38875,1043.25,1306.69375,2508.125,1661.875,33.95,51.43
159.6,853.01125,656.7375,1598.25,1610.46875,2019.5,1880.38875,1043.375,1306.48375,2508.125,1661.75,33.95,51.42
159.7,853.01125,656.6125,1598.25,1610.35875,2019.56375,1880.38875,1043.375,1306.06125,2508,1661.625,33.97,51.43
159.8,853.01125,656.6125,1598.25,1610.35875,2019.56375,1880.38875,1043.375,1306.2725,2508,1661.625,33.97,51.42
159.9,853.01125,656.6125,1598.125,1610.35875,2019.5,1880.38875,1043.375,1306.06125,2507.875,1661.5,33.95,51.47
160.0,853.01125,656.4875,1598.125,1610.35875,2019.5,1880.38875,1043.375,1305.64,2507.75,1661.5,33.95,51.42
160.1,853.01125,656.3625,1598,1610.35875,2019.5,1880.32125,1043.5,1305.42875,2507.75,1661.375,33.97,51.48
160.2,853.01125,656.2375,1598,1610.35875,2019.5,1880.32125,1043.5,1305.00625,2507.625,1661.375,33.94,51.44
160.3,853.01125,656.2375,1598,1610.24875,2019.5,1880.32125,1043.5,1304.79625,2507.625,1661.25,33.95,51.45
160.4,852.9,656.1125,1598,1610.24875,2019.5,1880.38875,1043.5,1304.585,2507.625,1661.125,33.95,51.47
160.5,852.9,656.1125,1598,1610.24875,2019.5,1880.32125,1043.5,1304.37375,2507.5,1661.125,33.95,51.45
160.6,852.9,655.9875,1597.875,1610.24875,2019.4375,1880.32125,1043.5,1304.1625,2507.5,1661,33.97,51.48
160.7,852.9,655.8625,1597.875,1610.24875,2019.4375,1880.32125,1043.5,1303.95125,2507.375,1661,33.95,51.47
160.8,852.9,655.8625,1597.875,1610.24875,2019.4375,1880.32125,1043.5,1303.53,2507.25,1660.875,33.97,51.41
160.9,852.9,655.7375,1597.875,1610.24875,2019.4375,1880.25375,1043.5,1303.31875,2507.25,1660.75,33.97,51.45
161.0,852.9,655.7375,1597.75,1610.24875,2019.4375,1880.25375,1043.5,1303.1075,2507.125,1660.75,33.98,51.5
161.1,852.9,655.6125,1597.75,1610.14,2019.4375,1880.25375,1043.625,1302.8975,2507.125,1660.625,33.98,51.49
161.2,852.9,655.6125,1597.75,1610.14,2019.4375,1880.25375,1043.625,1302.475,2507,1660.5,33.95,51.48
161.3,852.9,655.4875,1597.75,1610.14,2019.4375,1880.25375,1043.625,1302.26375,2506.875,1660.375,33.97,51.46
161.4,852.9,655.4875,1597.75,1610.14,2019.375,1880.18625,1043.625,1302.05375,2506.875,1660.375,33.98,51.46
161.5,852.78875,655.3625,1597.625,1610.14,2019.375,1880.18625,1043.625,1301.8425,2506.75,1660.25,33.94,51.48
161.6,852.78875,655.3625,1597.625,1610.14,2019.375,1880.18625,1043.625,1301.63125,2506.75,1660.125,34,51.47
161.7,852.9,655.3625,1597.625,1610.14,2019.375,1880.11875,1043.625,1301.21,2506.625,1660,33.95,51.46
161.8,852.78875,655.2375,1597.5,1610.14,2019.375,1880.11875,1043.625,1300.99875,2506.625,1660,33.97,51.46
161.9,852.78875,655.2375,1597.5,1610.14,2019.3125,1880.11875,1043.625,1300.7875,2506.625,1659.875,33.94,51.45
162.0,852.9,655.1125,1597.5,1610.03,2019.3125,1880.0525,1043.75,1300.57625,2506.5,1659.875,33.94,51.47
162.1,852.78875,655.1125,1597.5,1610.03,2019.3125,1880.0525,1043.75,1300.36625,2506.5,1659.75,33.95,51.45
162.2,852.78875,654.9875,1597.5,1610.03,2019.3125,1880.0525,1043.75,1300.155,2506.5,1659.75,33.95,51.5
162.3,852.9,654.9875,1597.375,1610.03,2019.3125,1880.0525,1043.75,1299.7325,2506.375,1659.625,33.97,51.46
162.4,852.78875,654.8625,1597.375,1610.03,2019.3125,1880.0525,1043.75,1299.7325,2506.375,1659.5,33.95,51.46
162.5,852.78875,654.8625,1597.375,1610.03,2019.3125,1880.0525,1043.75,1299.31125,2506.25,1659.5,33.97,51.43
162.6,852.78875,654.7375,1597.25,1610.03,2019.3125,1880.0525,1043.75,1299.1,2506.25,1659.375,33.95,51.46
162.7,852.78875,654.7375,1597.25,1610.03,2019.3125,1879.985,1043.875,1298.88875,2506.25,1659.25,33.95,51.48
162.8,852.78875,654.6125,1597.25,1610.03,2019.3125,1880.0525,1043.875,1298.6775,2506.125,1659.125,33.95,51.48
162.9,852.78875,654.6125,1597.25,1610.03,2019.24875,1879.985,1043.875,1298.25625,2506.125,1659.125,33.98,51.42
163.0,852.78875,654.6125,1597.25,1609.92,2019.24875,1879.985,1043.875,1298.045,2506.125,1659.125,33.97,51.42
163.1,852.78875,654.4875,1597.25,1609.92,2019.24875,1879.985,1043.875,1297.83375,2506.125,1659,33.97,51.47
163.2,852.78875,654.4875,1597.125,1610.03,2019.24875,1879.985,1044,1297.62375,2506,1658.875,33.94,51.43
163.3,852.78875,654.3625,1597.125,1609.92,2019.24875,1879.985,1044,1297.4125,2506,1658.875,33.97,51.47
163.4,852.78875,654.4875,1597.125,1610.03,2019.24875,1879.9175,1044,1297.20125,2505.875,1658.75,33.97,51.46
163.5,852.78875,654.3625,1597.125,1609.92,2019.24875,1879.9175,1044,1296.99,2505.875,1658.75,33.98,51.45
163.6,852.9,654.3625,1597,1609.92,2019.24875,1879.9175,1044,1296.78,2505.875,1658.625,33.97,51.47
163.7,852.9,654.3625,1597,1610.03,2019.24875,1879.9175,1044,1296.3575,2505.75,1658.625,33.94,51.45
163.8,852.9,654.2375,1597,1609.92,2019.24875,1879.9175,1044.125,1296.3575,2505.75,1658.5,33.95,51.46
163.9,852.9,654.2375,1597,1609.92,2019.24875,1879.9175,1044.125,1295.93625,2505.75,1658.5,33.97,51.47
164.0,852.9,654.2375,1596.875,1609.92,2019.24875,1879.9175,1044.125,1295.51375,2505.625,1658.5,33.97,51.47
164.1,852.9,654.2375,1597,1609.92,2019.24875,1879.9175,1044.25,1295.3025,2505.625,1658.375,33.93,51.43
164.2,852.9,654.2375,1596.875,1609.92,2019.24875,1879.9175,1044.125,1295.09125,2505.625,1658.25,33.95,51.45
164.3,852.9,654.1125,1596.75,1609.92,2019.24875,1879.9175,1044.25,1294.88125,2505.5,1658.125,33.94,51.4
164.4,852.9,654.1125,1596.75,1609.92,2019.24875,1879.9175,1044.25,1294.67,2505.5,1658,33.95,51.42
164.5,852.9,654.1125,1596.75,1609.92,2019.24875,1879.9175,1044.25,1294.45875,2505.375,1658,33.97,51.48
164.6,853.01125,654.1125,1596.75,1609.92,2019.24875,1879.85,1044.25,1294.2475,2505.375,1658,33.94,51.43
164.7,853.01125,654.1125,1596.75,1609.92,2019.24875,1879.85,1044.25,1294.0375,2505.25,1657.875,33.97,51.47
164.8,853.01125,654.1125,1596.75,1609.92,2019.24875,1879.85,1044.25,1293.82625,2505.25,1657.75,33.97,51.43
164.9,853.01125,653.9875,1596.625,1609.92,2019.24875,1879.85,1044.375,1293.615,2505.25,1657.625,33.98,51.46
165.0,853.01125,654.1125,1596.625,1609.92,2019.24875,1879.85,1044.375,1293.40375,2505.125,1657.625,33.95,51.43
165.1,853.01125,653.9875,1596.625,1609.92,2019.24875,1879.85,1044.375,1293.19375,2505.125,1657.5,33.97,51.46
165.2,853.01125,653.9875,1596.625,1609.92,2019.24875,1879.85,1044.375,1292.9825,2505.125,1657.375,33.94,51.43
165.3,853.01125,653.8625,1596.625,1609.92,2019.18625,1879.85,1044.375,1292.77125,2505.125,1657.375,33.98,51.41
165.4,853.01125,653.8625,1596.625,1609.92,2019.18625,1879.7825,1044.375,1292.35,2505,1657.375,33.93,51.4
165.5,853.01125,653.8625,1596.5,1609.92,2019.18625,1879.85,1044.375,1292.35,2505,1657.25,33.97,51.4
165.6,853.01125,653.8625,1596.5,1609.92,2019.18625,1879.7825,1044.375,1292.13875,2505,1657.25,33.98,51.45
165.7,853.01125,653.7375,1596.5,1609.92,2019.18625,1879.7825,1044.5,1291.9275,2504.875,1657.125,33.95,51.43
165.8,853.01125,653.7375,1596.5,1609.92,2019.18625,1879.7825,1044.5,1291.50625,2504.875,1657.125,33.94,51.43
165.9,853.1225,653.7375,1596.5,1609.92,2019.18625,1879.7825,1044.5,1291.50625,2504.875,1657,33.95,51.47
166.0,853.01125,653.7375,1596.375,1609.92,2019.18625,1879.7825,1044.625,1291.08375,2504.875,1657,33.97,51.42
166.1,853.1225,653.7375,1596.375,1609.81,2019.18625,1879.7825,1044.625,1291.08375,2504.75,1656.875,33.95,51.43
166.2,853.1225,653.61375,1596.375,1609.92,2019.18625,1879.715,1044.625,1290.66125,2504.75,1656.875,33.97,51.41
166.3,853.1225,653.61375,1596.25,1609.92,2019.18625,1879.7825,1044.625,1290.45125,2504.75,1656.75,33.95,51.43
166.4,853.1225,653.61375,1596.25,1609.92,2019.1225,1879.715,1044.625,1290.45125,2504.75,1656.75,33.97,51.4
166.5,853.1225,653.61375,1596.25,1609.81,2019.1225,1879.715,1044.625,1290.24,2504.625,1656.75,33.97,51.4
166.6,853.1225,653.61375,1596.25,1609.81,2019.1225,1879.715,1044.75,1290.02875,2504.625,1656.75,33.98,51.4
166.7,853.1225,653.48875,1596.25,1609.81,2019.1225,1879.715,1044.75,1289.8175,2504.5,1656.625,33.95,51.39
166.8,853.235,653.48875,1596.125,1609.81,2019.1225,1879.715,1044.75,1289.6075,2504.5,1656.5,33.98,51.38
166.9,853.1225,653.48875,1596.125,1609.81,2019.1225,1879.715,1044.75,1289.39625,2504.375,1656.5,33.94,51.43
167.0,853.1225,653.48875,1596.125,1609.81,2019.06,1879.6475,1044.625,1289.185,2504.25,1656.375,33.97,51.42
167.1,853.1225,653.48875,1596.125,1609.81,2019.1225,1879.6475,1044.75,1288.97375,2504.25,1656.375,33.97,51.41
167.2,853.1225,653.36375,1596.125,1609.81,2019.06,1879.6475,1044.875,1288.76375,2504.25,1656.375,33.95,51.4
167.3,853.1225,653.36375,1596.125,1609.81,2019.06,1879.6475,1044.875,1288.5525,2504.125,1656.25,33.95,51.42
167.4,853.1225,653.36375,1596,1609.81,2019.06,1879.6475,1044.875,1288.34125,2504.125,1656.125,33.98,51.4
167.5,853.1225,653.36375,1596,1609.81,2019.06,1879.58,1044.875,1288.13,2504.125,1656.125,33.98,51.37
167.6,853.1225,653.36375,1596,1609.81,2018.9975,1879.58,1044.875,1287.70875,2504,1656,33.95,51.39
167.7,853.1225,653.36375,1596,1609.81,2018.9975,1879.58,1044.875,1287.70875,2504,1656,33.98,51.37
167.8,853.1225,653.23875,1596,1609.81,2018.9975,1879.51375,1044.875,1287.4975,2504,1655.875,33.95,51.39
167.9,853.1225,653.23875,1595.875,1609.81,2018.9975,1879.51375,1044.875,1287.28625,2503.875,1655.75,33.97,51.38
168.0,853.1225,653.23875,1596,1609.81,2018.9975,1879.51375,1044.875,1287.07625,2503.875,1655.75,33.98,51.38
168.1,853.1225,653.23875,1595.875,1609.81,2018.93375,1879.51375,1045,1286.865,2503.75,1655.625,33.94,51.38
168.2,853.1225,653.23875,1595.875,1609.81,2018.93375,1879.44625,1045,1286.4425,2503.75,1655.5,33.98,51.38
168.3,853.1225,653.23875,1595.875,1609.81,2018.93375,1879.44625,1045,1286.2325,2503.625,1655.375,33.94,51.4
168.4,853.1225,653.23875,1595.75,1609.81,2018.93375,1879.44625,1045,1286.02125,2503.5,1655.375,33.98,51.37
168.5,853.235,653.23875,1595.75,1609.81,2018.93375,1879.37875,1045,1285.81,2503.5,1655.25,33.98,51.37
168.6,853.1225,653.23875,1595.75,1609.70125,2018.87125,1879.37875,1045.125,1285.59875,2503.5,1655.125,33.97,51.38
168.7,853.1225,653.11375,1595.75,1609.70125,2018.87125,1879.37875,1045.125,1285.38875,2503.375,1655.125,33.95,51.36
168.8,853.1225,653.11375,1595.75,1609.70125,2018.87125,1879.37875,1045.125,1285.1775,2503.25,1655,33.95,51.35
168.9,853.1225,653.11375,1595.625,1609.70125,2018.87125,1879.31125,1045,1284.96625,2503.25,1655,33.95,51.38
169.0,853.235,653.11375,1595.625,1609.70125,2018.80875,1879.31125,1045.125,1284.755,2503.25,1654.875,33.95,51.39
169.1,853.235,653.11375,1595.625,1609.70125,2018.87125,1879.31125,1045.125,1284.545,2503.125,1654.75,33.97,51.34
169.2,853.1225,653.11375,1595.625,1609.70125,2018.80875,1879.24375,1045.125,1284.33375,2503.125,1654.75,33.95,51.35
169.3,853.1225,652.98875,1595.625,1609.70125,2018.80875,1879.24375,1045.125,1284.1225,2503.125,1654.625,33.95,51.36
169.4,853.1225,652.98875,1595.5,1609.70125,2018.80875,1879.24375,1045.25,1283.91125,2503,1654.5,33.95,51.34
169.5,853.235,652.98875,1595.5,1609.70125,2018.745,1879.24375,1045.125,1283.91125,2503,1654.5,33.94,51.35
169.6,853.235,652.98875,1595.5,1609.70125,2018.80875,1879.24375,1045.25,1283.70125,2503,1654.5,33.97,51.34
169.7,853.235,652.98875,1595.5,1609.70125,2018.745,1879.24375,1045.25,1283.27875,2503,1654.375,33.94,51.34
169.8,853.1225,652.98875,1595.5,1609.70125,2018.745,1879.17625,1045.25,1283.27875,2503,1654.25,33.94,51.35
169.9,853.235,652.98875,1595.375,1609.70125,2018.745,1879.17625,1045.25,1283.0675,2503,1654.25,33.97,51.3
170.0,853.235,652.86375,1595.375,1609.70125,2018.745,1879.17625,1045.375,1282.64625,2502.875,1654.125,33.94,51.34
170.1,853.235,652.98875,1595.375,1609.70125,2018.745,1879.17625,1045.375,1282.64625,2502.875,1654.125,33.95,51.34
170.2,853.235,652.98875,1595.375,1609.70125,2018.745,1879.17625,1045.375,1282.435,2502.875,1654,33.95,51.33
170.3,853.235,652.86375,1595.375,1609.70125,2018.6825,1879.17625,1045.375,1282.22375,2502.875,1654,33.94,51.33
170.4,853.235,652.86375,1595.375,1609.70125,2018.745,1879.17625,1045.5,1282.01375,2502.875,1653.875,33.95,51.3
170.5,853.235,652.86375,1595.25,1609.70125,2018.6825,1879.17625,1045.5,1281.8025,2502.875,1653.75,33.95,51.33
170.6,853.235,652.86375,1595.375,1609.70125,2018.745,1879.17625,1045.5,1281.59125,2502.875,1653.75,33.95,51.34
170.7,853.235,652.98875,1595.25,1609.70125,2018.6825,1879.24375,1045.5,1281.38,2502.75,1653.625,33.94,51.36
170.8,853.34625,652.86375,1595.25,1609.70125,2018.6825,1879.24375,1045.5,1281.38,2502.875,1653.625,33.97,51.3
170.9,853.235,652.86375,1595.25,1609.70125,2018.6825,1879.24375,1045.625,1281.16875,2502.875,1653.625,33.95,51.29
171.0,853.34625,652.86375,1595.125,1609.70125,2018.6825,1879.24375,1045.625,1280.95875,2502.875,1653.625,33.97,51.3
171.1,853.34625,652.86375,1595.125,1609.70125,2018.6825,1879.24375,1045.625,1281.16875,2503,1653.5,33.95,51.31
171.2,853.34625,652.86375,1595.125,1609.70125,2018.745,1879.31125,1045.625,1280.95875,2503,1653.5,33.97,51.33
171.3,853.34625,652.86375,1595.125,1609.70125,2018.745,1879.31125,1045.75,1280.7475,2503.125,1653.5,33.95,51.28
171.4,853.34625,652.73875,1595.125,1609.81,2018.745,1879.31125,1045.75,1280.53625,2503.125,1653.375,33.95,51.29
171.5,853.34625,652.73875,1595,1609.81,2018.745,1879.37875,1045.75,1280.325,2503.125,1653.375,33.95,51.31
171.6,853.34625,652.73875,1595.125,1609.81,2018.745,1879.44625,1045.875,1280.325,2503.125,1653.375,33.97,51.33
171.7,853.34625,652.73875,1595,1609.81,2018.745,1879.44625,1045.875,1280.115,2503.25,1653.375,33.95,51.31
171.8,853.4575,652.73875,1595,1609.81,2018.745,1879.51375,1045.875,1280.115,2503.25,1653.25,33.98,51.3
171.9,853.4575,652.61375,1595,1609.81,2018.80875,1879.51375,1045.875,1279.90375,2503.25,1653.25,33.94,51.25
172.0,853.4575,652.61375,1595,1609.92,2018.745,1879.58,1046,1279.90375,2503.25,1653.125,33.95,51.3
172.1,853.56875,652.61375,1595,1609.92,2018.80875,1879.6475,1046.125,1279.48125,2503.25,1653.125,33.94,51.31
172.2,853.56875,652.61375,1595,1609.92,2018.80875,1879.6475,1046.125,1279.48125,2503.25,1653.125,33.97,51.31
172.3,853.56875,652.61375,1594.875,1609.92,2018.87125,1879.6475,1046.125,1279.27125,2503.25,1653.125,33.94,51.31
172.4,853.56875,652.61375,1594.875,1609.92,2018.87125,1879.715,1046.25,1279.27125,2503.25,1653.125,33.97,51.3
172.5,853.56875,652.61375,1595,1610.03,2018.87125,1879.715,1046.25,1279.06,2503.25,1653,33.97,51.3
172.6,853.56875,652.61375,1594.875,1610.03,2018.87125,1879.7825,1046.25,1278.84875,2503.25,1653,33.95,51.3
172.7,853.68125,652.61375,1594.875,1610.03,2018.87125,1879.7825,1046.25,1278.84875,2503.25,1653,33.94,51.33
172.8,853.68125,652.48875,1594.875,1610.03,2018.87125,1879.85,1046.25,1278.6375,2503.25,1653,33.95,51.3
172.9,853.68125,652.48875,1594.875,1610.03,2018.87125,1879.85,1046.375,1278.4275,2503.25,1652.875,33.94,51.33
173.0,853.7925,652.48875,1594.875,1610.14,2018.93375,1879.9175,1046.5,1278.4275,2503.25,1653,33.97,51.34
173.1,853.7925,652.48875,1594.875,1610.03,2018.93375,1879.9175,1046.5,1278.21625,2503.25,1652.875,33.95,51.35
173.2,853.7925,652.36375,1594.875,1610.03,2018.93375,1879.9175,1046.5,1278.21625,2503.125,1652.875,33.94,51.33
173.3,853.7925,652.48875,1594.875,1610.14,2018.93375,1879.9175,1046.5,1278.005,2503.125,1652.875,33.94,51.34
173.4,853.90375,652.36375,1594.75,1610.14,2018.93375,1879.985,1046.5,1277.79375,2503.125,1652.875,33.95,51.34
173.5,853.90375,652.36375,1594.75,1610.14,2018.93375,1879.985,1046.625,1277.79375,2503.125,1652.875,33.97,51.31
173.6,853.90375,652.36375,1594.75,1610.14,2018.93375,1879.985,1046.625,1277.58375,2503,1652.75,33.94,51.33
173.7,853.90375,652.36375,1594.75,1610.24875,2018.9975,1879.985,1046.625,1277.3725,2503,1652.75,33.95,51.34
173.8,853.90375,652.36375,1594.75,1610.14,2018.9975,1879.985,1046.625,1277.3725,2503,1652.75,33.95,51.34
173.9,854.015,652.36375,1594.75,1610.24875,2018.93375,1879.985,1046.625,1277.16125,2502.875,1652.75,33.94,51.34
174.0,854.015,652.23875,1594.75,1610.14,2018.9975,1879.985,1046.75,1276.95,2502.875,1652.625,33.94,51.35
174.1,854.015,652.23875,1594.625,1610.14,2018.93375,1879.985,1046.625,1276.73875,2502.875,1652.625,33.94,51.35
174.2,854.015,652.23875,1594.625,1610.14,2018.93375,1879.985,1046.75,1276.73875,2502.75,1652.5,33.97,51.41
174.3,854.015,652.23875,1594.625,1610.24875,2018.93375,1879.985,1046.75,1276.52875,2502.75,1652.5,33.95,51.4
174.4,854.015,652.11375,1594.625,1610.24875,2018.93375,1879.985,1046.75,1276.3175,2502.75,1652.5,33.94,51.36
174.5,854.015,652.11375,1594.625,1610.24875,2018.93375,1879.985,1046.875,1276.10625,2502.625,1652.5,33.95,51.33
174.6,854.1275,652.11375,1594.5,1610.24875,2018.93375,1879.985,1046.875,1275.895,2502.625,1652.5,33.95,51.34
174.7,854.1275,652.11375,1594.5,1610.24875,2018.93375,1879.985,1046.875,1275.895,2502.625,1652.375,33.95,51.34
174.8,854.1275,651.98875,1594.5,1610.24875,2018.93375,1879.9175,1046.875,1275.47375,2502.5,1652.25,33.94,51.35
174.9,854.1275,651.98875,1594.5,1610.14,2018.93375,1879.9175,1046.875,1275.2625,2502.5,1652.25,33.97,51.37
175.0,854.1275,651.98875,1594.5,1610.14,2018.87125,1879.9175,1046.875,1275.2625,2502.375,1652.125,33.94,51.36
175.1,854.1275,651.98875,1594.5,1610.24875,2018.93375,1879.9175,1046.875,1274.84125,2502.375,1652.125,33.93,51.35
175.2,854.1275,651.86375,1594.5,1610.14,2018.87125,1879.85,1047,1274.84125,2502.375,1652,33.97,51.36
175.3,854.1275,651.86375,1594.5,1610.24875,2018.87125,1879.85,1047,1274.63,2502.25,1652,33.94,51.39
175.4,854.23875,651.86375,1594.375,1610.14,2018.87125,1879.85,1047,1274.41875,2502.25,1652,33.94,51.38
175.5,854.1275,651.86375,1594.375,1610.14,2018.87125,1879.85,1047,1274.2075,2502.125,1651.875,33.95,51.34
175.6,854.23875,651.86375,1594.375,1610.14,2018.87125,1879.85,1047.125,1274.2075,2502,1651.875,33.95,51.38
175.7,854.23875,651.86375,1594.25,1610.14,2018.87125,1879.7825,1047,1273.9975,2502,1651.75,33.95,51.36
175.8,854.23875,651.86375,1594.25,1610.24875,2018.87125,1879.85,1047.125,1273.78625,2502,1651.625,33.95,51.35
175.9,854.23875,651.73875,1594.25,1610.14,2018.87125,1879.7825,1047,1273.36375,2502,1651.625,33.95,51.38
176.0,854.23875,651.73875,1594.375,1610.14,2018.80875,1879.7825,1047.125,1273.15375,2501.875,1651.5,33.95,51.35
176.1,854.23875,651.73875,1594.25,1610.14,2018.80875,1879.715,1047.125,1272.9425,2501.875,1651.5,33.97,51.36
176.2,854.35,651.73875,1594.25,1610.14,2018.80875,1879.7825,1047.125,1272.9425,2501.875,1651.375,33.95,51.35
176.3,854.35,651.61375,1594.125,1610.14,2018.80875,1879.7825,1047.125,1272.73125,2501.75,1651.25,33.95,51.36
176.4,854.35,651.61375,1594.125,1610.14,2018.80875,1879.715,1047.125,1272.52,2501.75,1651.25,33.95,51.38
176.5,854.35,651.61375,1594.125,1610.14,2018.80875,1879.715,1047.25,1272.30875,2501.75,1651.25,33.95,51.35
176.6,854.35,651.61375,1594.125,1610.14,2018.80875,1879.715,1047.25,1272.09875,2501.625,1651.125,33.97,51.38
176.7,854.35,651.61375,1594.125,1610.14,2018.80875,1879.715,1047.25,1271.8875,2501.625,1651,33.93,51.36
176.8,854.35,651.48875,1594,1610.14,2018.745,1879.715,1047.25,1271.8875,2501.625,1651,33.95,51.35
176.9,854.35,651.61375,1594.125,1610.14,2018.80875,1879.6475,1047.25,1271.67625,2501.625,1651,33.94,51.34
177.0,854.35,651.48875,1594,1610.14,2018.80875,1879.6475,1047.25,1271.465,2501.625,1650.875,33.97,51.38
177.1,854.35,651.48875,1594,1610.14,2018.745,1879.6475,1047.25,1271.465,2501.625,1650.875,33.94,51.38
177.2,854.35,651.48875,1594,1610.14,2018.80875,1879.6475,1047.375,1271.255,2501.625,1650.875,33.95,51.36
177.3,854.35,651.36375,1594,1610.14,2018.745,1879.6475,1047.375,1271.255,2501.625,1650.75,33.94,51.42
177.4,854.35,651.36375,1594,1610.14,2018.745,1879.6475,1047.375,1271.04375,2501.625,1650.75,33.97,51.38
177.5,854.46125,651.36375,1594,1610.14,2018.745,1879.6475,1047.375,1270.8325,2501.625,1650.75,33.94,51.38
177.6,854.35,651.36375,1594,1610.14,2018.6825,1879.6475,1047.375,1270.62125,2501.5,1650.625,33.94,51.35
177.7,854.35,651.23875,1593.875,1610.14,2018.745,1879.6475,1047.375,1270.41125,2501.625,1650.625,33.94,51.38
177.8,854.35,651.23875,1593.875,1610.14,2018.745,1879.6475,1047.5,1270.41125,2501.625,1650.5,33.95,51.36
177.9,854.35,651.23875,1593.875,1610.14,2018.745,1879.6475,1047.5,1269.98875,2501.625,1650.5,33.95,51.34
178.0,854.35,651.23875,1593.875,1610.03,2018.745,1879.6475,1047.5,1269.98875,2501.625,1650.5,33.94,51.38
178.1,854.35,651.23875,1593.875,1610.14,2018.6825,1879.6475,1047.625,1269.7775,2501.625,1650.5,33.94,51.35
178.2,854.35,651.11375,1593.75,1610.14,2018.6825,1879.6475,1047.625,1269.5675,2501.625,1650.375,33.94,51.36
178.3,854.35,651.11375,1593.75,1610.14,2018.6825,1879.6475,1047.625,1269.35625,2501.625,1650.5,33.94,51.39
178.4,854.46125,651.11375,1593.75,1610.03,2018.745,1879.6475,1047.625,1269.35625,2501.5,1650.375,33.94,51.38
178.5,854.35,650.98875,1593.75,1610.14,2018.6825,1879.6475,1047.625,1269.145,2501.5,1650.375,33.93,51.37
178.6,854.35,650.98875,1593.75,1610.14,2018.6825,1879.6475,1047.625,1268.93375,2501.625,1650.375,33.95,51.36
178.7,854.35,650.98875,1593.75,1610.14,2018.6825,1879.715,1047.625,1268.72375,2501.5,1650.25,33.94,51.4
178.8,854.35,650.98875,1593.625,1610.14,2018.6825,1879.715,1047.75,1268.72375,2501.5,1650.25,33.94,51.38
178.9,854.35,650.86375,1593.625,1610.14,2018.6825,1879.715,1047.75,1268.5125,2501.5,1650.25,33.95,51.38
179.0,854.46125,650.86375,1593.625,1610.14,2018.6825,1879.715,1047.75,1268.30125,2501.5,1650.25,33.94,51.38
179.1,854.35,650.86375,1593.625,1610.14,2018.6825,1879.715,1047.75,1268.30125,2501.375,1650.125,33.94,51.36
179.2,854.35,650.73875,1593.625,1610.14,2018.6825,1879.715,1047.875,1268.09,2501.375,1650.125,33.95,51.35
179.3,854.46125,650.73875,1593.625,1610.14,2018.6825,1879.715,1047.875,1267.88,2501.375,1650.125,33.95,51.38
179.4,854.46125,650.73875,1593.625,1610.14,2018.6825,1879.715,1047.875,1267.66875,2501.375,1650.125,33.93,51.36
179.5,854.46125,650.61375,1593.5,1610.14,2018.6825,1879.715,1047.875,1267.4575,2501.375,1650.125,33.95,51.4
179.6,854.46125,650.73875,1593.5,1610.14,2018.6825,1879.715,1047.875,1267.4575,2501.375,1650.125,33.94,51.31
179.7,854.46125,650.61375,1593.5,1610.14,2018.6825,1879.715,1048,1267.24625,2501.375,1650.25,33.94,51.34
179.8,854.46125,650.61375,1593.5,1610.14,2018.6825,1879.715,1047.875,1267.03625,2501.375,1650.125,33.94,51.34
179.9,854.46125,650.61375,1593.5,1610.14,2018.6825,1879.715,1048,1266.825,2501.375,1650.125,33.95,51.33
180.0,854.46125,650.61375,1593.5,1610.14,2018.6825,1879.7825,1048,1266.61375,2501.375,1650.125,33.94,51.39
180.1,854.46125,650.61375,1593.5,1610.14,2018.6825,1879.7825,1048,1266.61375,2501.375,1650.125,33.91,51.35
180.2,854.46125,650.61375,1593.5,1610.14,2018.6825,1879.7825,1048,1266.4025,2501.25,1650,33.94,51.38
180.3,854.57375,650.48875,1593.375,1610.14,2018.6825,1879.715,1048,1266.4025,2501.25,1650,33.94,51.36
180.4,854.57375,650.48875,1593.375,1610.14,2018.6825,1879.7825,1048,1265.98125,2501.25,1650,33.94,51.35
180.5,854.57375,650.48875,1593.375,1610.14,2018.6825,1879.715,1048.125,1265.98125,2501.25,1649.875,33.95,51.36
180.6,854.57375,650.36375,1593.375,1610.14,2018.6825,1879.715,1048.125,1265.77,2501.125,1649.875,33.94,51.33
180.7,854.57375,650.36375,1593.375,1610.14,2018.6825,1879.715,1048.125,1265.55875,2501.25,1649.875,33.94,51.4
180.8,854.57375,650.36375,1593.375,1610.14,2018.6825,1879.715,1048.125,1265.34875,2501.125,1649.875,33.97,51.4
180.9,854.57375,650.36375,1593.25,1610.14,2018.6825,1879.715,1048.125,1265.34875,2501.125,1649.75,33.95,51.36
181.0,854.57375,650.36375,1593.25,1610.14,2018.6825,1879.715,1048.125,1264.92625,2501.125,1649.75,33.97,51.38
181.1,854.57375,650.23875,1593.25,1610.14,2018.62,1879.715,1048.25,1264.92625,2501,1649.75,33.95,51.36
181.2,854.57375,650.23875,1593.25,1610.14,2018.6825,1879.715,1048.25,1264.715,2501,1649.625,33.97,51.36
181.3,854.57375,650.23875,1593.25,1610.14,2018.62,1879.715,1048.25,1264.505,2501,1649.625,33.93,51.32
181.4,854.57375,650.23875,1593.25,1610.14,2018.62,1879.715,1048.25,1264.505,2500.875,1649.5,33.95,51.36
181.5,854.57375,650.11375,1593.25,1610.14,2018.62,1879.715,1048.25,1264.29375,2500.875,1649.5,33.95,51.38
181.6,854.57375,650.11375,1593.25,1610.14,2018.62,1879.6475,1048.25,1264.0825,2500.875,1649.5,33.95,51.39
181.7,854.57375,650.11375,1593.125,1610.14,2018.62,1879.6475,1048.375,1263.87125,2500.875,1649.375,33.95,51.38
181.8,854.685,649.98875,1593.125,1610.14,2018.62,1879.6475,1048.25,1263.87125,2500.75,1649.375,33.94,51.35
181.9,854.685,649.98875,1593.125,1610.14,2018.62,1879.6475,1048.375,1263.66125,2500.75,1649.25,33.94,51.35
182.0,854.685,649.98875,1593.125,1610.14,2018.62,1879.6475,1048.375,1263.45,2500.75,1649.25,33.97,51.38
182.1,854.57375,649.98875,1593.125,1610.14,2018.62,1879.6475,1048.375,1263.45,2500.625,1649.125,33.94,51.38
182.2,854.685,649.98875,1593.125,1610.03,2018.55625,1879.6475,1048.5,1263.0275,2500.625,1649.125,33.94,51.4
182.3,854.685,649.86375,1593.125,1610.14,2018.62,1879.6475,1048.5,1263.0275,2500.5,1649,33.95,51.4
182.4,854.57375,649.86375,1593.125,1610.14,2018.55625,1879.6475,1048.375,1262.81625,2500.375,1648.875,33.93,51.37
182.5,854.685,649.86375,1593,1610.14,2018.55625,1879.6475,1048.5,1262.60625,2500.375,1648.875,33.95,51.35
182.6,854.685,649.86375,1593,1610.03,2018.55625,1879.6475,1048.5,1262.395,2500.375,1648.875,33.93,51.4
182.7,854.685,649.73875,1593,1610.03,2018.49375,1879.58,1048.625,1262.395,2500.25,1648.75,33.94,51.39
182.8,854.685,649.73875,1593,1610.14,2018.49375,1879.58,1048.5,1262.18375,2500.25,1648.75,33.95,51.39
182.9,854.685,649.73875,1593,1610.03,2018.55625,1879.58,1048.5,1261.9725,2500.25,1648.625,33.95,51.36
183.0,854.685,649.61375,1592.875,1610.03,2018.49375,1879.51375,1048.625,1261.7625,2500.125,1648.625,33.94,51.38
183.1,854.685,649.61375,1593,1610.03,2018.49375,1879.51375,1048.5,1261.7625,2500,1648.5,33.94,51.39
183.2,854.685,649.61375,1593,1610.03,2018.49375,1879.51375,1048.625,1261.55125,2499.875,1648.375,33.95,51.33
183.3,854.685,649.48875,1592.875,1610.03,2018.49375,1879.51375,1048.625,1261.34,2499.875,1648.25,33.95,51.38
183.4,854.685,649.48875,1592.875,1609.92,2018.43125,1879.44625,1048.625,1261.34,2499.75,1648.25,33.95,51.34
183.5,854.685,649.48875,1592.875,1609.92,2018.43125,1879.44625,1048.5,1261.12875,2499.625,1648.125,33.95,51.38
183.6,854.685,649.48875,1592.875,1609.92,2018.43125,1879.37875,1048.625,1260.91875,2499.625,1648,33.94,51.38
183.7,854.685,649.48875,1592.875,1609.92,2018.43125,1879.37875,1048.625,1260.7075,2499.5,1647.875,33.94,51.35
183.8,854.79625,649.48875,1592.75,1609.92,2018.3675,1879.31125,1048.625,1260.49625,2499.5,1647.875,33.95,51.33
183.9,854.685,649.36375,1592.75,1609.92,2018.3675,1879.31125,1048.625,1260.285,2499.375,1647.75,33.94,51.36
184.0,854.685,649.36375,1592.75,1609.92,2018.3675,1879.24375,1048.625,1260.285,2499.375,1647.75,33.93,51.35
184.1,854.685,649.36375,1592.75,1609.92,2018.3675,1879.24375,1048.625,1260.075,2499.25,1647.625,33.95,51.36
184.2,854.685,649.36375,1592.75,1609.81,2018.305,1879.24375,1048.75,1259.86375,2499.125,1647.5,33.93,51.32
184.3,854.685,649.23875,1592.75,1609.81,2018.305,1879.24375,1048.625,1259.6525,2499.125,1647.375,33.94,51.36
184.4,854.79625,649.23875,1592.625,1609.81,2018.305,1879.17625,1048.625,1259.44125,2499.125,1647.375,33.95,51.36
184.5,854.685,649.23875,1592.625,1609.81,2018.2425,1879.17625,1048.625,1259.44125,2499,1647.25,33.95,51.35
184.6,854.685,649.11375,1592.625,1609.81,2018.2425,1879.10875,1048.625,1259.02,2499,1647.125,33.95,51.33
184.7,854.685,649.11375,1592.625,1609.81,2018.2425,1879.04125,1048.625,1258.80875,2498.875,1647.125,33.94,51.35
184.8,854.685,649.11375,1592.625,1609.81,2018.2425,1879.04125,1048.75,1258.80875,2498.875,1647,33.94,51.33
184.9,854.79625,649.11375,1592.625,1609.70125,2018.2425,1879.04125,1048.75,1258.5975,2498.75,1646.875,33.93,51.34
185.0,854.79625,649.11375,1592.625,1609.70125,2018.2425,1879.04125,1048.75,1258.38625,2498.75,1646.875,33.94,51.34
185.1,854.79625,649.11375,1592.5,1609.70125,2018.17875,1878.97375,1048.75,1258.38625,2498.625,1646.75,33.93,51.31
185.2,854.685,648.98875,1592.5,1609.70125,2018.17875,1878.97375,1048.75,1257.965,2498.625,1646.625,33.94,51.31
185.3,854.685,648.98875,1592.5,1609.70125,2018.11625,1878.97375,1048.75,1257.75375,2498.625,1646.5,33.94,51.36
185.4,854.79625,648.98875,1592.5,1609.70125,2018.11625,1878.97375,1048.75,1257.5425,2498.5,1646.5,33.95,51.36
185.5,854.685,648.86375,1592.5,1609.59125,2018.11625,1878.9075,1048.875,1257.3325,2498.5,1646.375,33.93,51.34
185.6,854.685,648.86375,1592.5,1609.59125,2018.11625,1878.9075,1048.75,1257.12125,2498.375,1646.25,33.93,51.3
185.7,854.685,648.86375,1592.5,1609.59125,2018.11625,1878.9075,1048.875,1257.12125,2498.375,1646.25,33.94,51.34
185.8,854.685,648.86375,1592.375,1609.59125,2018.05375,1878.9075,1048.875,1256.91,2498.375,1646.125,33.94,51.34
185.9,854.685,648.86375,1592.5,1609.59125,2018.05375,1878.84,1048.875,1256.69875,2498.25,1646.125,33.93,51.28
186.0,854.685,648.73875,1592.375,1609.48125,2018.05375,1878.84,1048.875,1256.48875,2498.25,1646,33.94,51.29
186.1,854.685,648.73875,1592.375,1609.48125,2018.05375,1878.84,1048.875,1256.48875,2498.25,1645.875,33.95,51.33
186.2,854.685,648.73875,1592.25,1609.48125,2017.99,1878.7725,1048.875,1256.2775,2498.125,1645.875,33.93,51.31
186.3,854.685,648.61375,1592.25,1609.48125,2017.99,1878.7725,1049,1256.2775,2498.125,1645.75,33.94,51.31
186.4,854.685,648.61375,1592.25,1609.37125,2017.99,1878.7725,1048.875,1255.855,2498.125,1645.625,33.93,51.32
186.5,854.685,648.61375,1592.25,1609.48125,2017.99,1878.7725,1048.875,1255.855,2498,1645.625,33.91,51.28
186.6,854.685,648.61375,1592.25,1609.37125,2017.9275,1878.7725,1048.875,1255.645,2498,1645.5,33.91,51.29
186.7,854.685,648.48875,1592.25,1609.37125,2017.9275,1878.7725,1049,1255.43375,2498,1645.5,33.93,51.32
186.8,854.57375,648.48875,1592.25,1609.37125,2017.9275,1878.705,1049,1255.2225,2498,1645.375,33.94,51.29
186.9,854.685,648.48875,1592.25,1609.37125,2017.9275,1878.7725,1049,1255.01125,2497.875,1645.375,33.95,51.33
187.0,854.57375,648.48875,1592.125,1609.37125,2017.865,1878.705,1049,1255.01125,2497.875,1645.25,33.93,51.31
187.1,854.685,648.36375,1592.125,1609.37125,2017.9275,1878.705,1049,1254.80125,2497.75,1645.125,33.97,51.26
187.2,854.685,648.36375,1592.125,1609.2625,2017.865,1878.705,1049,1254.59,2497.75,1645.125,33.94,51.29
187.3,854.57375,648.36375,1592.125,1609.2625,2017.865,1878.6375,1049.125,1254.37875,2497.75,1645,33.93,51.32
187.4,854.57375,648.36375,1592.125,1609.2625,2017.865,1878.6375,1049.125,1254.1675,2497.625,1645,33.94,51.31
187.5,854.685,648.23875,1592,1609.2625,2017.865,1878.6375,1049.125,1253.9575,2497.75,1644.875,33.93,51.3
187.6,854.685,648.23875,1592,1609.2625,2017.80125,1878.6375,1049.125,1253.9575,2497.625,1644.875,33.94,51.22
187.7,854.57375,648.23875,1592,1609.2625,2017.865,1878.6375,1049.125,1253.74625,2497.625,1644.75,33.93,51.23
187.8,854.685,648.23875,1592,1609.2625,2017.80125,1878.6375,1049.125,1253.535,2497.625,1644.75,33.94,51.29
187.9,854.57375,648.23875,1592,1609.1525,2017.80125,1878.6375,1049.125,1253.535,2497.5,1644.625,33.94,51.26
188.0,854.685,648.23875,1592,1609.1525,2017.80125,1878.6375,1049.125,1253.32375,2497.5,1644.625,33.95,51.26
188.1,854.57375,648.11375,1592,1609.1525,2017.73875,1878.6375,1049.125,1253.1125,2497.5,1644.5,33.95,51.29
188.2,854.57375,648.11375,1592,1609.1525,2017.80125,1878.6375,1049.25,1252.9025,2497.5,1644.5,33.94,51.29
188.3,854.57375,648.11375,1591.875,1609.1525,2017.73875,1878.6375,1049.25,1252.69125,2497.5,1644.375,33.94,51.31
188.4,854.57375,648.11375,1591.875,1609.1525,2017.73875,1878.6375,1049.25,1252.48,2497.5,1644.375,33.94,51.3
188.5,854.57375,647.98875,1592,1609.1525,2017.73875,1878.6375,1049.25,1252.26875,2497.5,1644.25,33.95,51.29
188.6,854.57375,647.98875,1591.875,1609.0425,2017.73875,1878.6375,1049.25,1252.05875,2497.5,1644.25,33.95,51.28
188.7,854.57375,647.98875,1591.875,1609.0425,2017.73875,1878.6375,1049.25,1251.8475,2497.5,1644.25,33.94,51.24
188.8,854.57375,647.98875,1591.875,1609.0425,2017.73875,1878.6375,1049.375,1251.63625,2497.5,1644.125,33.93,51.32
188.9,854.57375,647.98875,1591.875,1609.0425,2017.73875,1878.705,1049.375,1251.63625,2497.375,1644,33.94,51.25
189.0,854.57375,647.98875,1591.875,1609.0425,2017.73875,1878.6375,1049.375,1251.63625,2497.375,1644,33.91,51.31
189.1,854.57375,647.86375,1591.875,1609.0425,2017.73875,1878.705,1049.375,1251.215,2497.5,1644,33.94,51.29
189.2,854.57375,647.86375,1591.875,1608.9325,2017.67625,1878.705,1049.375,1251.215,2497.375,1644,33.93,51.26
189.3,854.46125,647.86375,1591.75,1608.9325,2017.67625,1878.705,1049.5,1251.00375,2497.5,1643.875,33.93,51.28
189.4,854.46125,647.86375,1591.75,1608.9325,2017.67625,1878.705,1049.375,1250.7925,2497.375,1643.875,33.93,51.32
189.5,854.46125,647.86375,1591.75,1608.82375,2017.67625,1878.705,1049.5,1250.7925,2497.5,1643.875,33.95,51.31
189.6,854.46125,647.73875,1591.75,1608.82375,2017.67625,1878.705,1049.5,1250.37125,2497.375,1643.75,33.93,51.27
189.7,854.46125,647.73875,1591.75,1608.82375,2017.67625,1878.705,1049.5,1250.37125,2497.375,1643.75,33.94,51.27
189.8,854.46125,647.73875,1591.625,1608.82375,2017.67625,1878.7725,1049.5,1250.16,2497.375,1643.75,33.93,51.3
189.9,854.46125,647.61375,1591.625,1608.82375,2017.6125,1878.7725,1049.5,1249.94875,2497.5,1643.75,33.93,51.26
190.0,854.46125,647.73875,1591.625,1608.82375,2017.67625,1878.7725,1049.5,1249.7375,2497.375,1643.75,33.91,51.31
190.1,854.46125,647.61375,1591.625,1608.82375,2017.6125,1878.84,1049.5,1249.7375,2497.375,1643.75,33.93,51.27
190.2,854.35,647.61375,1591.625,1608.71375,2017.6125,1878.7725,1049.625,1249.5275,2497.375,1643.75,33.91,51.27
190.3,854.46125,647.61375,1591.625,1608.82375,2017.67625,1878.84,1049.625,1249.31625,2497.375,1643.625,33.93,51.26
190.4,854.46125,647.61375,1591.625,1608.71375,2017.67625,1878.7725,1049.625,1249.105,2497.375,1643.625,33.93,51.28
190.5,854.46125,647.61375,1591.625,1608.71375,2017.67625,1878.84,1049.625,1249.105,2497.375,1643.625,33.95,51.26
190.6,854.46125,647.48875,1591.5,1608.71375,2017.6125,1878.84,1049.625,1248.89375,2497.375,1643.625,33.97,51.23
190.7,854.35,647.48875,1591.625,1608.71375,2017.67625,1878.84,1049.75,1248.6825,2497.375,1643.5,33.93,51.28
190.8,854.46125,647.48875,1591.5,1608.71375,2017.67625,1878.84,1049.625,1248.4725,2497.375,1643.5,33.9,51.27
190.9,854.35,647.48875,1591.5,1608.71375,2017.67625,1878.9075,1049.75,1248.4725,2497.375,1643.5,33.94,51.3
191.0,854.35,647.48875,1591.5,1608.71375,2017.67625,1878.9075,1049.75,1248.26125,2497.375,1643.5,33.93,51.31
191.1,854.35,647.48875,1591.375,1608.71375,2017.6125,1878.9075,1049.75,1248.05,2497.375,1643.5,33.95,51.3
191.2,854.35,647.48875,1591.375,1608.71375,2017.67625,1878.9075,1049.75,1247.83875,2497.375,1643.375,33.93,51.27
191.3,854.35,647.36375,1591.5,1608.71375,2017.6125,1878.9075,1049.875,1247.83875,2497.375,1643.375,33.94,51.29
191.4,854.35,647.36375,1591.375,1608.71375,2017.67625,1878.97375,1049.75,1247.62875,2497.5,1643.375,33.93,51.28
191.5,854.35,647.36375,1591.375,1608.60375,2017.6125,1878.97375,1049.75,1247.4175,2497.375,1643.375,33.94,51.31
191.6,854.35,647.36375,1591.375,1608.60375,2017.67625,1878.97375,1049.875,1247.20625,2497.5,1643.375,33.91,51.32
191.7,854.35,647.23875,1591.375,1608.60375,2017.67625,1878.97375,1049.875,1247.20625,2497.5,1643.375,33.93,51.3
191.8,854.35,647.23875,1591.375,1608.60375,2017.6125,1878.97375,1049.875,1246.785,2497.5,1643.375,33.94,51.29
191.9,854.35,647.23875,1591.375,1608.60375,2017.6125,1879.04125,1049.875,1246.785,2497.5,1643.375,33.93,51.3
192.0,854.35,647.23875,1591.375,1608.60375,2017.6125,1879.04125,1049.875,1246.57375,2497.375,1643.25,33.93,51.32
192.1,854.35,647.23875,1591.375,1608.60375,2017.67625,1879.04125,1050,1246.3625,2497.5,1643.375,33.97,51.29
192.2,854.35,647.23875,1591.25,1608.60375,2017.67625,1879.04125,1050,1246.3625,2497.5,1643.25,33.95,51.29
192.3,854.35,647.11375,1591.25,1608.49375,2017.67625,1879.10875,1050,1246.3625,2497.375,1643.125,33.93,51.31
192.4,854.35,647.11375,1591.25,1608.49375,2017.67625,1879.04125,1050,1246.15125,2497.375,1643.125,33.93,51.3
192.5,854.35,647.11375,1591.25,1608.49375,2017.67625,1879.10875,1050,1245.94125,2497.375,1643.125,33.91,51.32
192.6,854.23875,647.11375,1591.25,1608.49375,2017.67625,1879.10875,1050,1245.94125,2497.375,1643,33.93,51.27
192.7,854.35,647.11375,1591.25,1608.49375,2017.67625,1879.10875,1050,1245.73,2497.375,1643,33.94,51.33
192.8,854.23875,646.98875,1591.25,1608.49375,2017.67625,1879.10875,1050.125,1245.51875,2497.375,1643,33.94,51.3
192.9,854.23875,646.98875,1591.25,1608.49375,2017.67625,1879.17625,1050.125,1245.3075,2497.25,1643,33.91,51.28
193.0,854.23875,646.98875,1591.125,1608.49375,2017.67625,1879.17625,1050.125,1245.0975,2497.25,1642.875,33.94,51.27
193.1,854.35,646.98875,1591.25,1608.49375,2017.67625,1879.17625,1050.125,1244.88625,2497.25,1643,33.93,51.28
193.2,854.23875,646.98875,1591.125,1608.49375,2017.67625,1879.17625,1050.125,1244.88625,2497.25,1642.875,33.93,51.3
193.3,854.23875,646.86375,1591.125,1608.49375,2017.67625,1879.24375,1050.25,1244.675,2497.125,1642.875,33.94,51.3
193.4,854.23875,646.86375,1591.125,1608.49375,2017.67625,1879.24375,1050.25,1244.46375,2497.125,1642.75,33.93,51.3
193.5,854.23875,646.86375,1591.125,1608.49375,2017.67625,1879.24375,1050.25,1244.46375,2497.125,1642.75,33.94,51.31
193.6,854.23875,646.86375,1591.125,1608.49375,2017.67625,1879.24375,1050.25,1244.25375,2497.125,1642.75,33.93,51.32
193.7,854.23875,646.86375,1591.125,1608.49375,2017.67625,1879.24375,1050.25,1244.0425,2497.125,1642.75,33.93,51.34
193.8,854.23875,646.73875,1591.125,1608.49375,2017.67625,1879.24375,1050.25,1244.0425,2497.125,1642.75,33.94,51.3
193.9,854.23875,646.73875,1591,1608.49375,2017.67625,1879.24375,1050.25,1243.83125,2497.125,1642.75,33.94,51.34
194.0,854.23875,646.73875,1591,1608.385,2017.67625,1879.24375,1050.375,1243.62,2497.125,1642.75,33.93,51.32
194.1,854.23875,646.73875,1591,1608.49375,2017.67625,1879.24375,1050.25,1243.41,2497.125,1642.625,33.91,51.35
194.2,854.23875,646.73875,1591,1608.385,2017.67625,1879.24375,1050.375,1243.41,2497.125,1642.625,33.94,51.33
194.3,854.23875,646.73875,1591,1608.49375,2017.67625,1879.31125,1050.375,1243.19875,2497.125,1642.625,33.93,51.35
194.4,854.23875,646.61375,1591,1608.385,2017.67625,1879.31125,1050.375,1242.9875,2497.125,1642.5,33.94,51.34
194.5,854.23875,646.61375,1591,1608.385,2017.73875,1879.31125,1050.375,1242.9875,2497,1642.375,33.93,51.32
194.6,854.23875,646.61375,1591,1608.385,2017.73875,1879.31125,1050.375,1242.77625,2497,1642.375,33.94,51.35
194.7,854.23875,646.61375,1591,1608.385,2017.73875,1879.31125,1050.375,1242.56625,2497,1642.375,33.94,51.34
194.8,854.23875,646.61375,1590.875,1608.385,2017.73875,1879.31125,1050.375,1242.355,2497,1642.375,33.94,51.35
194.9,854.23875,646.61375,1590.875,1608.385,2017.73875,1879.31125,1050.375,1242.355,2497,1642.25,33.93,51.34
195.0,854.23875,646.61375,1590.875,1608.385,2017.73875,1879.31125,1050.375,1242.14375,2496.875,1642.25,33.93,51.32
195.1,854.23875,646.61375,1590.875,1608.385,2017.73875,1879.31125,1050.5,1241.9325,2496.875,1642.125,33.93,51.36
195.2,854.23875,646.61375,1590.875,1608.385,2017.73875,1879.31125,1050.5,1241.7225,2496.875,1642.125,33.93,51.36
195.3,854.23875,646.61375,1590.875,1608.385,2017.73875,1879.31125,1050.625,1241.7225,2496.75,1642.125,33.94,51.36
195.4,854.23875,646.48875,1590.875,1608.385,2017.73875,1879.31125,1050.5,1241.51125,2496.75,1642,33.95,51.35
195.5,854.23875,646.48875,1590.75,1608.385,2017.73875,1879.37875,1050.5,1241.3,2496.75,1642,33.94,51.35
195.6,854.23875,646.48875,1590.75,1608.385,2017.73875,1879.31125,1050.5,1241.08875,2496.75,1641.875,33.91,51.34
195.7,854.23875,646.48875,1590.75,1608.275,2017.73875,1879.37875,1050.625,1240.87875,2496.75,1641.875,33.93,51.3
195.8,854.23875,646.48875,1590.75,1608.385,2017.73875,1879.37875,1050.625,1240.87875,2496.75,1641.875,33.93,51.35
195.9,854.23875,646.48875,1590.75,1608.385,2017.73875,1879.37875,1050.625,1240.6675,2496.625,1641.875,33.91,51.35
196.0,854.23875,646.48875,1590.75,1608.275,2017.73875,1879.37875,1050.625,1240.6675,2496.625,1641.75,33.94,51.39
196.1,854.23875,646.48875,1590.75,1608.275,2017.73875,1879.37875,1050.625,1240.245,2496.625,1641.75,33.93,51.37
196.2,854.23875,646.48875,1590.75,1608.275,2017.73875,1879.37875,1050.625,1240.245,2496.625,1641.625,33.94,51.36
196.3,854.23875,646.48875,1590.75,1608.275,2017.80125,1879.37875,1050.625,1240.03375,2496.625,1641.625,33.94,51.35
196.4,854.23875,646.48875,1590.625,1608.275,2017.80125,1879.37875,1050.625,1239.82375,2496.625,1641.625,33.95,51.36
196.5,854.23875,646.48875,1590.625,1608.275,2017.80125,1879.37875,1050.625,1239.82375,2496.5,1641.625,33.94,51.34
196.6,854.23875,646.365,1590.625,1608.275,2017.80125,1879.37875,1050.75,1239.6125,2496.5,1641.5,33.93,51.42
196.7,854.23875,646.365,1590.625,1608.275,2017.80125,1879.37875,1050.75,1239.6125,2496.5,1641.5,33.94,51.36
196.8,854.23875,646.365,1590.625,1608.275,2017.80125,1879.37875,1050.75,1239.40125,2496.5,1641.375,33.94,51.4
196.9,854.23875,646.365,1590.625,1608.275,2017.80125,1879.44625,1050.75,1239.19,2496.375,1641.375,33.91,51.41
197.0,854.23875,646.365,1590.625,1608.275,2017.80125,1879.37875,1050.75,1239.19,2496.375,1641.25,33.95,51.36
197.1,854.23875,646.365,1590.625,1608.385,2017.80125,1879.44625,1050.75,1238.98,2496.25,1641.25,33.95,51.4
197.2,854.23875,646.365,1590.5,1608.275,2017.80125,1879.44625,1050.875,1238.76875,2496.25,1641.125,33.93,51.36
197.3,854.23875,646.365,1590.5,1608.385,2017.80125,1879.44625,1050.75,1238.76875,2496.125,1641.125,33.93,51.37
197.4,854.23875,646.365,1590.5,1608.385,2017.80125,1879.44625,1050.875,1238.5575,2496.125,1641.125,33.94,51.38
197.5,854.23875,646.365,1590.5,1608.385,2017.80125,1879.44625,1050.875,1238.5575,2496.125,1641,33.94,51.39
197.6,854.1275,646.365,1590.5,1608.275,2017.80125,1879.44625,1050.875,1238.34625,2496,1640.875,33.94,51.35
197.7,854.23875,646.365,1590.5,1608.385,2017.80125,1879.44625,1050.875,1238.13625,2496,1640.875,33.95,51.38
197.8,854.23875,646.365,1590.5,1608.385,2017.80125,1879.44625,1050.875,1238.13625,2496,1640.875,33.91,51.37
197.9,854.23875,646.365,1590.5,1608.385,2017.80125,1879.44625,1051,1237.925,2495.875,1640.75,33.91,51.44
198.0,854.23875,646.48875,1590.5,1608.385,2017.80125,1879.44625,1050.875,1237.71375,2495.875,1640.75,33.94,51.43
198.1,854.23875,646.48875,1590.375,1608.385,2017.80125,1879.44625,1050.875,1237.71375,2495.875,1640.625,33.94,51.42
198.2,854.23875,646.48875,1590.5,1608.385,2017.865,1879.37875,1050.875,1237.5025,2495.875,1640.625,33.94,51.38
198.3,854.23875,646.48875,1590.5,1608.385,2017.865,1879.37875,1051,1237.2925,2495.875,1640.5,33.93,51.45
198.4,854.23875,646.48875,1590.5,1608.385,2017.865,1879.37875,1051,1237.2925,2495.75,1640.5,33.97,51.38
198.5,854.35,646.48875,1590.375,1608.385,2017.865,1879.37875,1051,1237.08125,2495.75,1640.5,33.94,51.39
198.6,854.23875,646.48875,1590.375,1608.385,2017.865,1879.37875,1050.875,1237.08125,2495.75,1640.375,33.91,51.4
198.7,854.23875,646.61375,1590.375,1608.385,2017.865,1879.37875,1051,1236.87,2495.75,1640.25,33.94,51.4
198.8,854.35,646.61375,1590.375,1608.385,2017.865,1879.37875,1051,1236.65875,2495.75,1640.25,33.93,51.37
198.9,854.35,646.61375,1590.375,1608.385,2017.865,1879.37875,1051,1236.65875,2495.75,1640.25,33.93,51.37
199.0,854.35,646.61375,1590.375,1608.49375,2017.865,1879.37875,1051,1236.44875,2495.625,1640.125,33.93,51.36
199.1,854.35,646.61375,1590.375,1608.385,2017.865,1879.37875,1051.125,1236.44875,2495.625,1640,33.93,51.4
199.2,854.35,646.61375,1590.375,1608.385,2017.865,1879.37875,1051.125,1236.2375,2495.625,1640,33.93,51.39
199.3,854.35,646.61375,1590.375,1608.385,2017.865,1879.37875,1051.125,1236.2375,2495.75,1640,33.95,51.4
199.4,854.35,646.61375,1590.375,1608.385,2017.865,1879.37875,1051.125,1236.02625,2495.625,1639.875,33.94,51.43
199.5,854.35,646.61375,1590.25,1608.385,2017.865,1879.37875,1051,1235.815,2495.75,1639.875,33.93,51.35
199.6,854.35,646.61375,1590.375,1608.385,2017.865,1879.37875,1051.125,1235.605,2495.625,1639.875,33.95,51.43
199.7,854.35,646.61375,1590.375,1608.385,2017.865,1879.37875,1051.125,1235.605,2495.75,1639.875,33.94,51.39
199.8,854.35,646.61375,1590.25,1608.385,2017.865,1879.37875,1051.125,1235.605,2495.625,1639.75,33.93,51.39
199.9,854.35,646.61375,1590.25,1608.385,2017.865,1879.37875,1051.25,1235.39375,2495.5,1639.75,33.95,51.39
200.0,854.35,646.61375,1590.25,1608.385,2017.865,1879.37875,1051.25,1235.1825,2495.5,1639.75,33.95,51.39
200.1,854.35,646.61375,1590.25,1608.385,2017.865,1879.37875,1051.25,1234.97125,2495.5,1639.625,33.94,51.4
200.2,854.35,646.61375,1590.25,1608.385,2017.865,1879.37875,1051.25,1234.76,2495.375,1639.625,33.94,51.38
200.3,854.35,646.61375,1590.25,1608.385,2017.865,1879.37875,1051.25,1234.76,2495.375,1639.625,33.94,51.39
200.4,854.35,646.61375,1590.25,1608.385,2017.865,1879.37875,1051.25,1234.55,2495.375,1639.625,33.93,51.37
200.5,854.35,646.61375,1590.25,1608.385,2017.865,1879.37875,1051.25,1234.55,2495.375,1639.5,33.94,51.33
200.6,854.35,646.61375,1590.125,1608.385,2017.865,1879.31125,1051.25,1234.33875,2495.375,1639.5,33.94,51.43
200.7,854.35,646.61375,1590.125,1608.385,2017.80125,1879.37875,1051.25,1234.33875,2495.25,1639.5,33.93,51.36
200.8,854.35,646.61375,1590.125,1608.385,2017.80125,1879.31125,1051.25,1234.33875,2495.25,1639.375,33.93,51.39
200.9,854.35,646.61375,1590.125,1608.385,2017.865,1879.31125,1051.375,1234.1275,2495.25,1639.375,33.93,51.4
201.0,854.35,646.61375,1590.125,1608.385,2017.80125,1879.31125,1051.25,1233.91625,2495.25,1639.25,33.94,51.39
201.1,854.35,646.48875,1590.125,1608.385,2017.80125,1879.31125,1051.375,1233.70625,2495.125,1639.25,33.93,51.36
201.2,854.35,646.48875,1590.125,1608.385,2017.80125,1879.24375,1051.375,1233.70625,2495.125,1639.25,33.93,51.4
201.3,854.35,646.48875,1590.125,1608.385,2017.80125,1879.31125,1051.375,1233.495,2495,1639.25,33.94,51.36
201.4,854.35,646.48875,1590.125,1608.385,2017.80125,1879.31125,1051.375,1233.28375,2495,1639.125,33.93,51.37
201.5,854.35,646.48875,1590.125,1608.385,2017.80125,1879.24375,1051.375,1233.28375,2495,1639.25,33.91,51.41
201.6,854.35,646.48875,1590,1608.385,2017.80125,1879.24375,1051.375,1233.0725,2495,1639.125,33.94,51.36
201.7,854.46125,646.48875,1590.125,1608.385,2017.80125,1879.24375,1051.375,1233.0725,2495,1639.125,33.94,51.43
201.8,854.46125,646.48875,1590,1608.385,2017.80125,1879.17625,1051.5,1232.8625,2494.875,1639,33.91,51.41
201.9,854.35,646.365,1590,1608.385,2017.73875,1879.17625,1051.5,1232.8625,2494.875,1639,33.94,51.4
202.0,854.35,646.365,1590,1608.385,2017.73875,1879.17625,1051.5,1232.65125,2494.75,1638.875,33.91,51.42
202.1,854.46125,646.365,1590,1608.385,2017.73875,1879.17625,1051.5,1232.44,2494.75,1638.875,33.94,51.39
202.2,854.46125,646.365,1590,1608.385,2017.73875,1879.17625,1051.5,1232.44,2494.75,1638.875,33.94,51.43
202.3,854.35,646.365,1590,1608.385,2017.73875,1879.17625,1051.5,1232.22875,2494.625,1638.75,33.94,51.38
202.4,854.46125,646.365,1590,1608.385,2017.73875,1879.10875,1051.5,1232.01875,2494.625,1638.75,33.91,51.4
202.5,854.46125,646.365,1590,1608.385,2017.73875,1879.10875,1051.5,1232.01875,2494.5,1638.625,33.93,51.39
202.6,854.46125,646.24,1590,1608.385,2017.67625,1879.04125,1051.5,1232.01875,2494.5,1638.625,33.94,51.38
202.7,854.46125,646.365,1590,1608.385,2017.67625,1879.04125,1051.5,1231.8075,2494.625,1638.625,33.94,51.36
202.8,854.46125,646.24,1590,1608.385,2017.67625,1879.04125,1051.5,1231.8075,2494.5,1638.625,33.95,51.38
202.9,854.46125,646.24,1590,1608.385,2017.67625,1879.04125,1051.625,1231.59625,2494.5,1638.625,33.94,51.33
203.0,854.46125,646.24,1590,1608.385,2017.67625,1878.97375,1051.5,1231.385,2494.5,1638.5,33.94,51.38
203.1,854.46125,646.24,1590,1608.385,2017.6125,1878.97375,1051.5,1231.385,2494.5,1638.5,33.95,51.39
203.2,854.46125,646.24,1589.875,1608.385,2017.6125,1878.97375,1051.625,1231.175,2494.5,1638.5,33.94,51.36
203.3,854.46125,646.24,1589.875,1608.385,2017.67625,1878.9075,1051.5,1230.96375,2494.625,1638.375,33.94,51.39
203.4,854.46125,646.115,1589.875,1608.385,2017.6125,1878.9075,1051.625,1230.96375,2494.625,1638.375,33.94,51.38
203.5,854.46125,646.24,1589.875,1608.385,2017.6125,1878.9075,1051.625,1230.7525,2494.625,1638.25,33.94,51.38
203.6,854.46125,646.115,1589.875,1608.385,2017.6125,1878.9075,1051.625,1230.7525,2494.625,1638.25,33.94,51.36
203.7,854.46125,646.115,1589.875,1608.385,2017.6125,1878.9075,1051.625,1230.54125,2494.625,1638.25,33.91,51.36
203.8,854.46125,646.115,1589.875,1608.385,2017.6125,1878.9075,1051.625,1230.33,2494.625,1638.25,33.91,51.4
203.9,854.46125,646.115,1589.875,1608.385,2017.6125,1878.9075,1051.75,1230.12,2494.625,1638.125,33.94,51.34
204.0,854.46125,646.115,1589.875,1608.275,2017.6125,1878.9075,1051.625,1230.12,2494.625,1638.125,33.91,51.34
204.1,854.46125,646.115,1589.875,1608.385,2017.6125,1878.9075,1051.75,1230.12,2494.625,1638.125,33.95,51.38
204.2,854.46125,646.115,1589.875,1608.275,2017.6125,1878.9075,1051.75,1229.90875,2494.625,1638.125,33.94,51.38
204.3,854.46125,646.115,1589.875,1608.385,2017.55,1878.9075,1051.75,1229.6975,2494.625,1638.125,33.93,51.37
204.4,854.57375,645.99,1589.875,1608.385,2017.6125,1878.97375,1051.875,1229.6975,2494.5,1638,33.94,51.36
204.5,854.57375,645.99,1589.875,1608.385,2017.6125,1878.9075,1051.75,1229.48625,2494.5,1638,33.94,51.34
204.6,854.57375,645.99,1589.75,1608.275,2017.6125,1878.97375,1051.75,1229.27625,2494.5,1637.875,33.94,51.31
204.7,854.57375,645.99,1589.75,1608.385,2017.6125,1878.97375,1051.875,1229.27625,2494.5,1637.875,33.93,51.35
204.8,854.46125,645.99,1589.75,1608.385,2017.6125,1878.97375,1051.875,1229.065,2494.5,1637.875,33.94,51.35
204.9,854.46125,645.99,1589.75,1608.385,2017.55,1878.97375,1051.875,1229.065,2494.5,1637.875,33.93,51.35
205.0,854.57375,645.99,1589.75,1608.385,2017.55,1879.04125,1051.875,1228.85375,2494.5,1637.75,33.93,51.36
205.1,854.57375,645.99,1589.75,1608.385,2017.6125,1878.97375,1051.875,1228.6425,2494.5,1637.75,33.93,51.36
205.2,854.57375,645.865,1589.75,1608.385,2017.6125,1879.04125,1052,1228.6425,2494.5,1637.75,33.93,51.32
205.3,854.57375,645.865,1589.75,1608.385,2017.6125,1879.04125,1052,1228.4325,2494.5,1637.75,33.94,51.38
205.4,854.57375,645.99,1589.75,1608.385,2017.6125,1879.04125,1052,1228.4325,2494.375,1637.625,33.95,51.36
205.5,854.57375,645.865,1589.75,1608.385,2017.6125,1879.04125,1052,1228.22125,2494.5,1637.625,33.91,51.37
205.6,854.57375,645.865,1589.75,1608.385,2017.6125,1879.04125,1052,1228.22125,2494.375,1637.5,33.93,51.36
205.7,854.57375,645.865,1589.625,1608.385,2017.6125,1879.04125,1052,1228.01,2494.375,1637.5,33.94,51.38
205.8,854.685,645.865,1589.75,1608.49375,2017.6125,1879.10875,1052.125,1228.01,2494.375,1637.5,33.94,51.35
205.9,854.57375,645.865,1589.75,1608.49375,2017.6125,1879.10875,1052.125,1228.01,2494.375,1637.5,33.93,51.37
206.0,854.685,645.865,1589.625,1608.49375,2017.67625,1879.10875,1052.125,1227.79875,2494.375,1637.375,33.93,51.39
206.1,854.685,645.865,1589.625,1608.49375,2017.67625,1879.10875,1052.125,1227.79875,2494.375,1637.375,33.91,51.36
206.2,854.685,645.865,1589.625,1608.60375,2017.67625,1879.17625,1052.125,1227.58875,2494.375,1637.375,33.91,51.36
206.3,854.685,645.865,1589.625,1608.49375,2017.67625,1879.10875,1052.25,1227.58875,2494.375,1637.25,33.94,51.39
206.4,854.685,645.865,1589.625,1608.49375,2017.67625,1879.17625,1052.25,1227.79875,2494.25,1637.25,33.93,51.39
206.5,854.79625,645.865,1589.625,1608.60375,2017.67625,1879.10875,1052.25,1227.58875,2494.25,1637.25,33.93,51.34
206.6,854.79625,645.865,1589.625,1608.49375,2017.67625,1879.17625,1052.25,1227.3775,2494.25,1637.125,33.93,51.35
206.7,854.79625,645.865,1589.625,1608.60375,2017.67625,1879.10875,1052.25,1227.3775,2494.25,1637.125,33.94,51.35
206.8,854.79625,645.74,1589.625,1608.60375,2017.67625,1879.10875,1052.25,1227.3775,2494.125,1637.125,33.94,51.35
206.9,854.79625,645.865,1589.625,1608.60375,2017.67625,1879.10875,1052.25,1227.16625,2494.125,1637.125,33.93,51.35
207.0,854.79625,645.74,1589.625,1608.60375,2017.67625,1879.10875,1052.25,1227.16625,2494.125,1637,33.93,51.34
207.1,854.9075,645.74,1589.625,1608.60375,2017.67625,1879.10875,1052.25,1227.16625,2494.125,1637,33.93,51.37
207.2,854.9075,645.74,1589.625,1608.60375,2017.67625,1879.10875,1052.375,1226.955,2494.125,1637,33.94,51.39
207.3,854.9075,645.74,1589.625,1608.60375,2017.67625,1879.10875,1052.375,1226.955,2494.125,1636.875,33.94,51.34
207.4,854.9075,645.74,1589.625,1608.60375,2017.67625,1879.10875,1052.375,1226.745,2494.125,1636.875,33.94,51.35
207.5,854.9075,645.74,1589.625,1608.60375,2017.67625,1879.10875,1052.375,1226.53375,2494,1636.875,33.94,51.34
207.6,854.9075,645.615,1589.5,1608.60375,2017.67625,1879.10875,1052.5,1226.53375,2494,1636.875,33.93,51.35
207.7,854.9075,645.74,1589.5,1608.60375,2017.67625,1879.17625,1052.5,1226.3225,2494,1636.875,33.93,51.34
207.8,854.9075,645.615,1589.5,1608.60375,2017.67625,1879.10875,1052.5,1226.3225,2494,1636.875,33.94,51.36
207.9,855.02,645.615,1589.5,1608.60375,2017.67625,1879.10875,1052.5,1226.3225,2494,1636.875,33.91,51.39
208.0,855.02,645.615,1589.5,1608.60375,2017.67625,1879.10875,1052.5,1226.11125,2494,1636.875,33.93,51.36
208.1,855.02,645.615,1589.5,1608.71375,2017.67625,1879.10875,1052.5,1226.11125,2494,1636.75,33.93,51.34
208.2,855.02,645.615,1589.625,1608.71375,2017.67625,1879.10875,1052.5,1226.11125,2494,1636.75,33.93,51.39
208.3,855.02,645.615,1589.5,1608.60375,2017.67625,1879.10875,1052.5,1225.9,2494,1636.75,33.93,51.36
208.4,855.02,645.615,1589.5,1608.71375,2017.67625,1879.10875,1052.5,1225.69,2493.875,1636.75,33.91,51.37
208.5,855.02,645.615,1589.5,1608.60375,2017.67625,1879.10875,1052.625,1225.69,2493.875,1636.625,33.94,51.36
208.6,855.02,645.615,1589.5,1608.60375,2017.67625,1879.10875,1052.625,1225.47875,2493.875,1636.625,33.93,51.35
208.7,855.02,645.615,1589.5,1608.60375,2017.67625,1879.10875,1052.625,1225.2675,2493.875,1636.5,33.93,51.34
208.8,855.13125,645.615,1589.5,1608.60375,2017.67625,1879.10875,1052.625,1225.2675,2493.875,1636.625,33.9,51.33
208.9,855.13125,645.49,1589.5,1608.60375,2017.67625,1879.10875,1052.625,1225.05625,2493.875,1636.625,33.93,51.35
209.0,855.13125,645.49,1589.5,1608.60375,2017.67625,1879.10875,1052.625,1224.84625,2493.875,1636.5,33.93,51.35
209.1,855.13125,645.49,1589.5,1608.60375,2017.67625,1879.10875,1052.625,1224.84625,2493.875,1636.5,33.9,51.36
209.2,855.13125,645.49,1589.375,1608.60375,2017.67625,1879.10875,1052.625,1224.635,2493.875,1636.5,33.93,51.37
209.3,855.13125,645.49,1589.375,1608.60375,2017.67625,1879.10875,1052.75,1224.635,2493.875,1636.5,33.91,51.39
209.4,855.13125,645.49,1589.375,1608.71375,2017.6125,1879.10875,1052.75,1224.42375,2493.875,1636.5,33.93,51.37
209.5,855.13125,645.49,1589.375,1608.60375,2017.6125,1879.10875,1052.75,1224.42375,2493.875,1636.5,33.93,51.37
209.6,855.13125,645.49,1589.375,1608.60375,2017.67625,1879.10875,1052.75,1224.2125,2493.875,1636.5,33.93,51.37
209.7,855.2425,645.365,1589.375,1608.60375,2017.67625,1879.10875,1052.75,1224.2125,2493.875,1636.5,33.91,51.36
209.8,855.13125,645.49,1589.375,1608.60375,2017.6125,1879.10875,1052.875,1224.0025,2493.875,1636.375,33.93,51.37
209.9,855.13125,645.365,1589.25,1608.60375,2017.6125,1879.10875,1052.875,1224.0025,2493.875,1636.375,33.93,51.35
210.0,855.2425,645.49,1589.25,1608.60375,2017.6125,1879.10875,1052.875,1223.79125,2493.875,1636.375,33.94,51.36
210.1,855.2425,645.365,1589.375,1608.60375,2017.6125,1879.10875,1052.875,1223.79125,2493.875,1636.375,33.9,51.38
210.2,855.2425,645.365,1589.375,1608.60375,2017.67625,1879.10875,1052.75,1223.58,2493.875,1636.375,33.93,51.35
210.3,855.2425,645.365,1589.375,1608.60375,2017.6125,1879.10875,1052.875,1223.58,2493.875,1636.25,33.94,51.36
210.4,855.2425,645.365,1589.25,1608.60375,2017.6125,1879.10875,1052.875,1223.36875,2493.75,1636.25,33.93,51.39
210.5,855.2425,645.365,1589.25,1608.60375,2017.67625,1879.10875,1053,1223.36875,2493.75,1636.125,33.91,51.39
210.6,855.2425,645.365,1589.25,1608.60375,2017.6125,1879.10875,1053,1223.36875,2493.75,1636,33.9,51.35
210.7,855.2425,645.365,1589.25,1608.60375,2017.6125,1879.10875,1053,1223.15875,2493.625,1636.125,33.93,51.34
210.8,855.2425,645.365,1589.25,1608.60375,2017.6125,1879.10875,1053,1223.15875,2493.625,1636,33.91,51.37
210.9,855.2425,645.24,1589.25,1608.60375,2017.6125,1879.10875,1053,1222.9475,2493.625,1636,33.93,51.37
211.0,855.2425,645.24,1589.25,1608.60375,2017.67625,1879.10875,1053,1222.73625,2493.625,1635.875,33.91,51.4
211.1,855.35375,645.24,1589.25,1608.60375,2017.6125,1879.10875,1053,1222.73625,2493.625,1636,33.94,51.35
211.2,855.2425,645.24,1589.125,1608.60375,2017.6125,1879.10875,1053.125,1222.73625,2493.625,1635.875,33.91,51.37
211.3,855.2425,645.24,1589.125,1608.60375,2017.6125,1879.10875,1053,1222.73625,2493.5,1635.875,33.94,51.38
211.4,855.2425,645.24,1589.125,1608.60375,2017.67625,1879.17625,1053.125,1222.525,2493.5,1635.75,33.91,51.36
211.5,855.2425,645.115,1589.125,1608.60375,2017.6125,1879.17625,1053.125,1222.525,2493.5,1635.75,33.91,51.35
211.6,855.2425,645.115,1589.125,1608.60375,2017.67625,1879.17625,1053.125,1222.315,2493.5,1635.75,33.91,51.35
211.7,855.2425,645.115,1589.125,1608.60375,2017.67625,1879.17625,1053.125,1222.315,2493.5,1635.75,33.94,51.34
211.8,855.2425,645.115,1589.125,1608.60375,2017.6125,1879.17625,1053.125,1222.315,2493.5,1635.625,33.91,51.37
211.9,855.2425,645.115,1589.125,1608.60375,2017.67625,1879.17625,1053.125,1222.10375,2493.5,1635.625,33.93,51.35
212.0,855.2425,645.115,1589.125,1608.60375,2017.6125,1879.17625,1053.125,1222.10375,2493.375,1635.5,33.91,51.36
212.1,855.2425,645.115,1589,1608.60375,2017.6125,1879.17625,1053.25,1221.8925,2493.375,1635.5,33.93,51.4
212.2,855.2425,644.99,1589,1608.60375,2017.6125,1879.17625,1053.25,1221.68125,2493.375,1635.5,33.93,51.34
212.3,855.2425,644.99,1589.125,1608.60375,2017.6125,1879.17625,1053.125,1221.68125,2493.25,1635.5,33.91,51.37
212.4,855.2425,644.99,1589,1608.71375,2017.67625,1879.17625,1053.125,1221.47125,2493.375,1635.375,33.93,51.37
212.5,855.35375,644.99,1589,1608.60375,2017.6125,1879.17625,1053.25,1221.47125,2493.25,1635.375,33.93,51.37
212.6,855.35375,644.99,1589,1608.60375,2017.67625,1879.17625,1053.25,1221.47125,2493.25,1635.375,33.93,51.35
212.7,855.35375,644.865,1589,1608.71375,2017.67625,1879.17625,1053.25,1221.26,2493.25,1635.25,33.93,51.39
212.8,855.35375,644.99,1589,1608.60375,2017.67625,1879.17625,1053.25,1221.26,2493.25,1635.25,33.94,51.36
212.9,855.2425,644.865,1589,1608.71375,2017.67625,1879.17625,1053.375,1221.26,2493.125,1635.125,33.93,51.39
213.0,855.35375,644.865,1589,1608.71375,2017.67625,1879.17625,1053.375,1221.04875,2493.125,1635.125,33.93,51.37
213.1,855.35375,644.865,1589,1608.71375,2017.67625,1879.17625,1053.375,1220.8375,2493.125,1635.125,33.91,51.35
213.2,855.35375,644.865,1589,1608.71375,2017.67625,1879.17625,1053.375,1220.8375,2493,1635,33.93,51.36
213.3,855.35375,644.865,1589,1608.71375,2017.6125,1879.17625,1053.375,1220.8375,2493,1635,33.91,51.36
213.4,855.35375,644.865,1589,1608.71375,2017.67625,1879.17625,1053.375,1220.6275,2493,1634.875,33.93,51.36
213.5,855.35375,644.865,1589,1608.71375,2017.67625,1879.17625,1053.375,1220.6275,2493,1634.875,33.93,51.34
213.6,855.46625,644.74,1589,1608.71375,2017.67625,1879.24375,1053.375,1220.41625,2492.875,1634.75,33.94,51.38
213.7,855.35375,644.865,1589,1608.71375,2017.67625,1879.17625,1053.5,1220.41625,2492.875,1634.75,33.93,51.39
213.8,855.46625,644.865,1589,1608.71375,2017.67625,1879.17625,1053.5,1220.205,2492.875,1634.625,33.94,51.39
213.9,855.46625,644.865,1589,1608.71375,2017.67625,1879.17625,1053.5,1220.205,2492.75,1634.5,33.91,51.36
214.0,855.35375,644.74,1589,1608.71375,2017.67625,1879.17625,1053.5,1219.99375,2492.75,1634.375,33.93,51.35
214.1,855.46625,644.865,1588.875,1608.71375,2017.67625,1879.17625,1053.5,1219.99375,2492.75,1634.375,33.93,51.39
214.2,855.46625,644.74,1589,1608.71375,2017.67625,1879.17625,1053.5,1219.99375,2492.75,1634.375,33.93,51.37
214.3,855.46625,644.74,1588.875,1608.71375,2017.67625,1879.17625,1053.625,1219.78375,2492.75,1634.25,33.91,51.39
214.4,855.46625,644.74,1588.875,1608.71375,2017.67625,1879.17625,1053.625,1219.78375,2492.75,1634.25,33.94,51.36
214.5,855.46625,644.74,1589,1608.71375,2017.67625,1879.24375,1053.625,1219.5725,2492.75,1634.25,33.93,51.37
214.6,855.46625,644.74,1589,1608.71375,2017.67625,1879.24375,1053.625,1219.5725,2492.625,1634.125,33.94,51.36
214.7,855.46625,644.74,1588.875,1608.71375,2017.67625,1879.24375,1053.625,1219.5725,2492.625,1634,33.93,51.4
214.8,855.46625,644.615,1588.875,1608.71375,2017.67625,1879.24375,1053.75,1219.36125,2492.625,1634,33.93,51.39
214.9,855.46625,644.615,1588.875,1608.82375,2017.73875,1879.24375,1053.625,1219.36125,2492.625,1633.875,33.94,51.38
215.0,855.46625,644.615,1588.875,1608.82375,2017.67625,1879.24375,1053.625,1219.15,2492.5,1633.875,33.93,51.39
215.1,855.46625,644.615,1588.875,1608.82375,2017.67625,1879.24375,1053.75,1219.15,2492.5,1633.875,33.94,51.39
215.2,855.46625,644.615,1588.875,1608.82375,2017.67625,1879.24375,1053.75,1218.94,2492.5,1633.75,33.93,51.39
215.3,855.46625,644.615,1589,1608.82375,2017.73875,1879.24375,1053.75,1218.94,2492.375,1633.625,33.94,51.38
215.4,855.46625,644.615,1588.875,1608.82375,2017.73875,1879.24375,1053.75,1218.72875,2492.5,1633.625,33.93,51.36
215.5,855.5775,644.615,1588.875,1608.82375,2017.73875,1879.24375,1053.75,1218.72875,2492.375,1633.5,33.93,51.39
215.6,855.5775,644.615,1588.875,1608.82375,2017.73875,1879.24375,1053.875,1218.72875,2492.375,1633.5,33.91,51.34
215.7,855.5775,644.615,1588.875,1608.9325,2017.73875,1879.31125,1053.875,1218.72875,2492.375,1633.375,33.94,51.38
215.8,855.5775,644.615,1588.875,1608.82375,2017.73875,1879.31125,1053.875,1218.5175,2492.375,1633.375,33.93,51.32
215.9,855.5775,644.615,1588.875,1608.9325,2017.73875,1879.31125,1053.875,1218.5175,2492.375,1633.375,33.93,51.37
216.0,855.5775,644.615,1588.875,1608.9325,2017.73875,1879.31125,1053.875,1218.5175,2492.25,1633.25,33.93,51.37
216.1,855.68875,644.74,1588.875,1608.9325,2017.80125,1879.31125,1053.875,1218.5175,2492.375,1633.25,33.91,51.36
216.2,855.68875,644.74,1588.875,1608.9325,2017.80125,1879.31125,1054,1218.30625,2492.25,1633.25,33.94,51.38
216.3,855.68875,644.74,1588.875,1609.0425,2017.80125,1879.31125,1053.875,1218.30625,2492.25,1633.25,33.93,51.37
216.4,855.68875,644.865,1588.875,1609.0425,2017.80125,1879.37875,1054,1218.09625,2492.25,1633.125,33.94,51.36
216.5,855.68875,644.865,1588.875,1608.9325,2017.80125,1879.31125,1054,1218.09625,2492.25,1633.125,33.93,51.35
216.6,855.68875,644.865,1588.875,1609.0425,2017.80125,1879.31125,1054,1218.09625,2492.25,1633,33.93,51.37
216.7,855.68875,644.865,1588.875,1609.0425,2017.865,1879.31125,1054,1218.09625,2492.25,1633,33.91,51.35
216.8,855.68875,644.99,1588.875,1609.0425,2017.865,1879.37875,1054,1218.09625,2492.25,1632.875,33.91,51.37
216.9,855.8,644.99,1588.875,1609.0425,2017.865,1879.37875,1054,1217.885,2492.125,1632.875,33.93,51.37
217.0,855.8,644.99,1588.875,1609.0425,2017.865,1879.37875,1054.125,1217.885,2492.125,1632.75,33.91,51.34
217.1,855.8,644.99,1588.875,1609.0425,2017.865,1879.37875,1054.125,1217.67375,2492.125,1632.75,33.94,51.38
217.2,855.8,644.99,1588.875,1609.0425,2017.865,1879.37875,1054.125,1217.67375,2492.125,1632.75,33.91,51.4
217.3,855.8,645.115,1588.875,1609.1525,2017.865,1879.37875,1054.125,1217.4625,2492,1632.75,33.93,51.36
217.4,855.9125,645.115,1588.875,1609.1525,2017.865,1879.37875,1054.125,1217.4625,2492,1632.75,33.91,51.37
217.5,855.9125,645.115,1588.875,1609.0425,2017.865,1879.31125,1054.125,1217.4625,2492,1632.625,33.93,51.37
217.6,855.9125,645.115,1588.875,1609.1525,2017.865,1879.37875,1054.125,1217.4625,2492,1632.625,33.94,51.35
217.7,855.9125,645.115,1588.875,1609.0425,2017.865,1879.37875,1054.25,1217.4625,2492,1632.625,33.91,51.37
217.8,855.9125,645.115,1588.75,1609.1525,2017.865,1879.31125,1054.125,1217.2525,2492,1632.5,33.93,51.35
217.9,855.9125,645.115,1588.75,1609.1525,2017.865,1879.37875,1054.125,1217.04125,2492,1632.5,33.93,51.37
218.0,855.9125,645.24,1588.75,1609.1525,2017.865,1879.31125,1054.25,1217.04125,2492,1632.5,33.93,51.35
218.1,855.9125,645.24,1588.75,1609.1525,2017.865,1879.31125,1054.25,1217.04125,2492,1632.5,33.91,51.37
218.2,856.02375,645.24,1588.75,1609.0425,2017.865,1879.31125,1054.25,1216.83,2492,1632.375,33.93,51.36
218.3,856.02375,645.24,1588.75,1609.1525,2017.865,1879.31125,1054.25,1216.83,2492,1632.375,33.91,51.37
218.4,856.02375,645.365,1588.75,1609.1525,2017.865,1879.31125,1054.25,1216.83,2491.875,1632.375,33.94,51.38
218.5,856.02375,645.365,1588.75,1609.0425,2017.865,1879.24375,1054.375,1216.61875,2491.875,1632.375,33.91,51.4
218.6,856.02375,645.365,1588.75,1609.0425,2017.865,1879.24375,1054.375,1216.61875,2491.875,1632.375,33.93,51.37
218.7,856.02375,645.365,1588.75,1609.1525,2017.865,1879.24375,1054.25,1216.4075,2492,1632.25,33.91,51.37
218.8,856.02375,645.365,1588.75,1609.1525,2017.865,1879.24375,1054.375,1216.4075,2491.875,1632.25,33.93,51.37
218.9,856.02375,645.365,1588.75,1609.1525,2017.865,1879.24375,1054.25,1216.1975,2491.875,1632.25,33.93,51.39
219.0,856.02375,645.365,1588.75,1609.0425,2017.865,1879.24375,1054.375,1216.1975,2491.875,1632.125,33.91,51.35
219.1,856.02375,645.365,1588.625,1609.0425,2017.865,1879.24375,1054.375,1215.98625,2491.75,1632.125,33.93,51.36
219.2,856.02375,645.365,1588.75,1609.0425,2017.80125,1879.17625,1054.375,1215.98625,2491.875,1632,33.94,51.35
219.3,856.02375,645.365,1588.625,1609.0425,2017.80125,1879.24375,1054.375,1215.775,2491.75,1632.125,33.93,51.37
219.4,856.02375,645.365,1588.625,1609.0425,2017.80125,1879.24375,1054.375,1215.775,2491.75,1632,33.94,51.36
219.5,856.02375,645.365,1588.625,1609.0425,2017.80125,1879.24375,1054.375,1215.775,2491.75,1632,33.93,51.42
219.6,856.02375,645.49,1588.625,1609.0425,2017.80125,1879.17625,1054.5,1215.775,2491.75,1631.875,33.91,51.35
219.7,856.02375,645.365,1588.625,1609.0425,2017.80125,1879.24375,1054.5,1215.35375,2491.75,1631.875,33.91,51.39
219.8,856.02375,645.365,1588.625,1609.0425,2017.80125,1879.17625,1054.5,1215.35375,2491.625,1631.875,33.93,51.39
219.9,856.02375,645.365,1588.5,1609.0425,2017.73875,1879.17625,1054.5,1215.1425,2491.625,1631.875,33.93,51.36
220.0,856.02375,645.365,1588.625,1609.0425,2017.73875,1879.17625,1054.5,1215.1425,2491.5,1631.75,33.94,51.35
220.1,856.02375,645.365,1588.5,1609.0425,2017.73875,1879.17625,1054.5,1215.1425,2491.625,1631.75,33.93,51.34
220.2,855.9125,645.365,1588.625,1609.0425,2017.73875,1879.17625,1054.5,1214.93125,2491.5,1631.625,33.91,51.36
220.3,856.02375,645.24,1588.5,1608.9325,2017.73875,1879.10875,1054.5,1214.93125,2491.5,1631.625,33.95,51.33
220.4,856.02375,645.365,1588.5,1608.9325,2017.67625,1879.17625,1054.5,1214.72,2491.5,1631.5,33.93,51.4
220.5,855.9125,645.365,1588.5,1608.9325,2017.73875,1879.10875,1054.5,1214.51,2491.375,1631.5,33.93,51.39
220.6,856.02375,645.24,1588.5,1608.9325,2017.67625,1879.10875,1054.625,1214.51,2491.375,1631.5,33.91,51.39
220.7,856.02375,645.24,1588.5,1608.9325,2017.67625,1879.10875,1054.5,1214.51,2491.375,1631.375,33.9,51.33
220.8,855.9125,645.24,1588.5,1608.9325,2017.67625,1879.10875,1054.5,1214.29875,2491.25,1631.25,33.95,51.36
220.9,855.9125,645.24,1588.5,1608.9325,2017.67625,1879.10875,1054.5,1214.29875,2491.25,1631.25,33.91,51.36
221.0,855.9125,645.24,1588.5,1608.9325,2017.67625,1879.10875,1054.625,1214.0875,2491.25,1631.25,33.91,51.34
221.1,855.9125,645.24,1588.5,1608.9325,2017.67625,1879.04125,1054.625,1213.87625,2491.125,1631.25,33.93,51.36
221.2,855.9125,645.24,1588.5,1608.82375,2017.6125,1879.04125,1054.625,1213.87625,2491.125,1631.25,33.91,51.35
221.3,855.9125,645.24,1588.375,1608.82375,2017.6125,1879.04125,1054.625,1213.87625,2491.125,1631.125,33.94,51.39
221.4,855.9125,645.115,1588.375,1608.82375,2017.6125,1879.04125,1054.625,1213.87625,2491.125,1631.125,33.91,51.36
221.5,855.9125,645.115,1588.375,1608.82375,2017.6125,1878.97375,1054.625,1213.66625,2491.125,1631,33.94,51.34
221.6,855.9125,645.115,1588.375,1608.82375,2017.6125,1878.97375,1054.625,1213.455,2491.125,1631,33.91,51.36
221.7,855.9125,645.115,1588.375,1608.82375,2017.55,1878.97375,1054.625,1213.455,2491,1631,33.9,51.35
221.8,855.9125,645.115,1588.375,1608.82375,2017.55,1878.97375,1054.625,1213.455,2491,1630.875,33.91,51.35
221.9,855.9125,644.99,1588.375,1608.82375,2017.55,1878.97375,1054.625,1213.24375,2491,1630.875,33.91,51.39
222.0,855.9125,644.99,1588.375,1608.82375,2017.55,1878.97375,1054.625,1213.24375,2491,1630.75,33.9,51.38
222.1,855.9125,644.99,1588.375,1608.82375,2017.55,1878.9075,1054.625,1213.0325,2491,1630.75,33.93,51.39
222.2,855.9125,644.99,1588.375,1608.82375,2017.55,1878.9075,1054.625,1213.0325,2491,1630.75,33.91,51.37
222.3,855.9125,644.99,1588.375,1608.82375,2017.55,1878.9075,1054.625,1212.8225,2490.875,1630.625,33.91,51.39
222.4,855.9125,644.865,1588.375,1608.82375,2017.4875,1878.9075,1054.625,1212.8225,2491,1630.625,33.91,51.35
222.5,855.9125,644.865,1588.25,1608.71375,2017.55,1878.9075,1054.625,1212.61125,2490.875,1630.625,33.93,51.36
222.6,855.9125,644.865,1588.375,1608.82375,2017.4875,1878.9075,1054.625,1212.61125,2491,1630.625,33.91,51.36
222.7,855.8,644.865,1588.375,1608.71375,2017.4875,1878.9075,1054.625,1212.4,2490.875,1630.5,33.94,51.36
222.8,855.8,644.74,1588.25,1608.71375,2017.4875,1878.9075,1054.75,1212.4,2491,1630.5,33.91,51.34
222.9,855.8,644.74,1588.25,1608.71375,2017.4875,1878.9075,1054.75,1212.18875,2490.875,1630.375,33.91,51.39
223.0,855.8,644.74,1588.25,1608.71375,2017.4875,1878.9075,1054.75,1212.18875,2490.875,1630.375,33.9,51.35
223.1,855.8,644.615,1588.25,1608.71375,2017.42375,1878.9075,1054.75,1211.9775,2491,1630.375,33.94,51.39
223.2,855.8,644.615,1588.25,1608.71375,2017.42375,1878.9075,1054.75,1211.9775,2491,1630.25,33.93,51.34
223.3,855.8,644.615,1588.25,1608.71375,2017.42375,1878.9075,1054.75,1211.7675,2491,1630.25,33.93,51.35
223.4,855.8,644.615,1588.25,1608.71375,2017.42375,1878.9075,1054.75,1211.7675,2491,1630.375,33.93,51.36
223.5,855.8,644.49,1588.25,1608.60375,2017.42375,1878.9075,1054.875,1211.55625,2491.125,1630.375,33.93,51.39
223.6,855.8,644.365,1588.25,1608.60375,2017.42375,1878.9075,1054.875,1211.55625,2491,1630.375,33.9,51.35
223.7,855.8,644.365,1588.25,1608.60375,2017.42375,1878.9075,1054.875,1211.345,2491,1630.25,33.94,51.36
223.8,855.8,644.365,1588.25,1608.60375,2017.42375,1878.97375,1054.875,1211.13375,2491,1630.25,33.91,51.34
223.9,855.8,644.24,1588.25,1608.60375,2017.42375,1878.97375,1054.875,1211.13375,2491,1630.25,33.91,51.39
224.0,855.8,644.24,1588.125,1608.49375,2017.42375,1878.97375,1054.875,1210.92375,2491.125,1630.375,33.95,51.36
224.1,855.8,644.24,1588.125,1608.49375,2017.36125,1878.97375,1054.875,1210.92375,2491.125,1630.25,33.93,51.36
224.2,855.8,644.115,1588.25,1608.49375,2017.42375,1879.04125,1054.875,1210.7125,2491.125,1630.25,33.93,51.4
224.3,855.8,643.99,1588.125,1608.49375,2017.36125,1879.04125,1055,1210.7125,2491.125,1630.25,33.9,51.36
224.4,855.8,643.99,1588.125,1608.49375,2017.36125,1879.04125,1055,1210.50125,2491.125,1630.125,33.93,51.35
224.5,855.8,643.99,1588.125,1608.49375,2017.42375,1879.04125,1055,1210.29,2491.125,1630.25,33.91,51.37
224.6,855.68875,643.865,1588.125,1608.385,2017.36125,1879.04125,1055,1210.29,2491.125,1630.125,33.91,51.36
224.7,855.68875,643.74,1588.125,1608.385,2017.36125,1879.04125,1055,1210.08,2491,1630.125,33.93,51.39
224.8,855.68875,643.615,1588.125,1608.385,2017.36125,1879.10875,1055.125,1210.08,2491.125,1630.125,33.91,51.35
224.9,855.8,643.49,1588.125,1608.385,2017.36125,1879.10875,1055.125,1210.08,2491,1630.125,33.93,51.35
225.0,855.68875,643.49,1588.125,1608.385,2017.36125,1879.10875,1055,1209.86875,2491,1630,33.94,51.34
225.1,855.68875,643.365,1588.125,1608.385,2017.29875,1879.10875,1055.125,1209.86875,2491,1630,33.94,51.39
225.2,855.68875,643.365,1588.125,1608.385,2017.29875,1879.04125,1055.125,1209.6575,2491,1630,33.9,51.37
225.3,855.68875,643.24,1588.125,1608.385,2017.29875,1879.10875,1055.125,1209.44625,2490.875,1629.875,33.93,51.42
225.4,855.68875,643.115,1588,1608.385,2017.29875,1879.10875,1055.125,1209.23625,2490.875,1629.875,33.93,51.43
225.5,855.68875,643.115,1588,1608.275,2017.29875,1879.10875,1055.125,1209.23625,2490.875,1629.75,33.94,51.39
225.6,855.68875,643.115,1588,1608.275,2017.29875,1879.10875,1055.125,1209.025,2490.875,1629.875,33.93,51.34
225.7,855.5775,642.99,1588,1608.275,2017.29875,1879.10875,1055.125,1209.025,2490.875,1629.875,33.93,51.36
225.8,855.5775,642.99,1588,1608.275,2017.29875,1879.10875,1055.125,1208.81375,2490.75,1629.75,33.93,51.39
225.9,855.5775,642.865,1588,1608.165,2017.29875,1879.10875,1055.125,1208.6025,2490.75,1629.75,33.94,51.38
226.0,855.5775,642.74,1588,1608.165,2017.29875,1879.10875,1055.25,1208.6025,2490.75,1629.625,33.93,51.37
226.1,855.5775,642.74,1588,1608.165,2017.29875,1879.10875,1055.25,1208.3925,2490.625,1629.625,33.94,51.38
226.2,855.5775,642.74,1588,1608.165,2017.235,1879.10875,1055.25,1208.3925,2490.625,1629.5,33.94,51.34
226.3,855.5775,642.615,1588,1608.165,2017.235,1879.10875,1055.25,1208.18125,2490.625,1629.625,33.91,51.41
226.4,855.5775,642.49,1588,1608.165,2017.235,1879.10875,1055.25,1208.18125,2490.625,1629.5,33.91,51.4
226.5,855.5775,642.49,1588,1608.165,2017.235,1879.10875,1055.25,1207.97,2490.5,1629.5,33.93,51.37
226.6,855.5775,642.365,1587.875,1608.05625,2017.235,1879.10875,1055.25,1207.97,2490.5,1629.375,33.9,51.38
226.7,855.5775,642.24,1587.875,1608.05625,2017.235,1879.10875,1055.25,1207.75875,2490.5,1629.375,33.93,51.42
226.8,855.5775,642.24,1587.875,1608.05625,2017.235,1879.10875,1055.25,1207.75875,2490.375,1629.25,33.93,51.39
226.9,855.5775,642.24,1588,1608.05625,2017.235,1879.04125,1055.25,1207.5475,2490.375,1629.25,33.95,51.39
227.0,855.5775,642.115,1587.875,1608.05625,2017.235,1879.10875,1055.25,1207.5475,2490.375,1629.125,33.93,51.4
227.1,855.46625,642.115,1587.875,1607.94625,2017.1725,1879.04125,1055.375,1207.5475,2490.25,1629.125,33.94,51.38
227.2,855.46625,642.115,1587.875,1607.94625,2017.235,1879.04125,1055.25,1207.3375,2490.25,1629.125,33.93,51.36
227.3,855.46625,641.99,1587.875,1607.94625,2017.1725,1879.04125,1055.375,1207.12625,2490.25,1629,33.93,51.4
227.4,855.46625,641.865,1587.875,1607.94625,2017.1725,1879.04125,1055.375,1207.12625,2490.25,1629,33.94,51.43
227.5,855.46625,641.99,1587.875,1607.94625,2017.1725,1879.04125,1055.375,1206.915,2490.125,1628.875,33.9,51.44
227.6,855.46625,641.865,1587.875,1607.94625,2017.1725,1878.97375,1055.375,1206.915,2490.125,1628.875,33.93,51.39
227.7,855.46625,641.74,1587.875,1607.83625,2017.1725,1878.97375,1055.375,1206.49375,2490,1628.75,33.94,51.38
227.8,855.46625,641.74,1587.875,1607.83625,2017.1725,1879.04125,1055.375,1206.49375,2490,1628.625,33.91,51.39
227.9,855.46625,641.74,1587.75,1607.83625,2017.1725,1878.97375,1055.375,1206.49375,2490,1628.625,33.94,51.39
228.0,855.46625,641.74,1587.75,1607.83625,2017.1725,1878.97375,1055.375,1206.2825,2490,1628.5,33.95,51.43
228.1,855.46625,641.615,1587.875,1607.72625,2017.1725,1878.97375,1055.375,1206.07125,2489.875,1628.5,33.91,51.39
228.2,855.46625,641.615,1587.75,1607.83625,2017.1725,1878.97375,1055.375,1206.07125,2489.875,1628.375,33.94,51.42
228.3,855.46625,641.615,1587.75,1607.83625,2017.1725,1878.97375,1055.375,1205.86,2489.875,1628.375,33.91,51.41
228.4,855.46625,641.49,1587.75,1607.72625,2017.1725,1878.97375,1055.375,1205.65,2489.75,1628.25,33.93,51.42
228.5,855.46625,641.49,1587.75,1607.72625,2017.11,1878.97375,1055.375,1205.65,2489.75,1628.125,33.91,51.4
228.6,855.35375,641.49,1587.875,1607.72625,2017.11,1878.97375,1055.375,1205.43875,2489.75,1628.125,33.94,51.42
228.7,855.35375,641.49,1587.75,1607.6175,2017.1725,1878.97375,1055.375,1205.2275,2489.75,1628.125,33.93,51.39
228.8,855.35375,641.365,1587.75,1607.6175,2017.11,1878.9075,1055.5,1205.01625,2489.75,1628,33.94,51.38
228.9,855.35375,641.365,1587.75,1607.6175,2017.1725,1878.97375,1055.5,1205.01625,2489.625,1628,33.91,51.4
229.0,855.35375,641.365,1587.75,1607.6175,2017.11,1878.97375,1055.5,1204.80625,2489.625,1627.875,33.93,51.42
229.1,855.35375,641.24,1587.75,1607.6175,2017.11,1878.97375,1055.5,1204.595,2489.625,1627.875,33.94,51.42
229.2,855.35375,641.24,1587.625,1607.6175,2017.11,1878.97375,1055.5,1204.38375,2489.5,1627.75,33.94,51.39
229.3,855.35375,641.24,1587.75,1607.6175,2017.11,1878.97375,1055.5,1204.38375,2489.625,1627.75,33.94,51.4
229.4,855.35375,641.115,1587.75,1607.5075,2017.11,1878.97375,1055.5,1204.1725,2489.5,1627.75,33.94,51.38
229.5,855.35375,641.115,1587.625,1607.5075,2017.11,1878.97375,1055.5,1203.9625,2489.5,1627.625,33.93,51.42
229.6,855.35375,640.99,1587.75,1607.5075,2017.11,1878.97375,1055.5,1203.9625,2489.5,1627.625,33.93,51.42
229.7,855.2425,640.99,1587.75,1607.5075,2017.11,1878.97375,1055.625,1203.75125,2489.5,1627.625,33.91,51.4
229.8,855.2425,640.99,1587.625,1607.5075,2017.11,1878.97375,1055.625,1203.75125,2489.5,1627.5,33.91,51.41
229.9,855.35375,640.99,1587.625,1607.5075,2017.11,1878.97375,1055.5,1203.54,2489.5,1627.5,33.93,51.39
230.0,855.35375,640.99,1587.625,1607.5075,2017.11,1878.97375,1055.5,1203.54,2489.5,1627.375,33.94,51.4
230.1,855.2425,640.865,1587.625,1607.3975,2017.11,1878.97375,1055.625,1203.32875,2489.5,1627.375,33.91,51.36
230.2,855.2425,640.865,1587.625,1607.3975,2017.11,1878.97375,1055.625,1203.11875,2489.5,1627.25,33.93,51.37
230.3,855.2425,640.865,1587.625,1607.3975,2017.11,1878.97375,1055.625,1203.11875,2489.5,1627.375,33.93,51.42
230.4,855.2425,640.74,1587.625,1607.3975,2017.11,1878.97375,1055.625,1202.9075,2489.5,1627.25,33.93,51.43
230.5,855.2425,640.74,1587.625,1607.3975,2017.11,1878.97375,1055.625,1202.9075,2489.5,1627.25,33.94,51.39
230.6,855.2425,640.74,1587.625,1607.3975,2017.11,1878.97375,1055.625,1202.9075,2489.5,1627.125,33.93,51.39
230.7,855.2425,640.74,1587.625,1607.3975,2017.11,1879.04125,1055.625,1202.69625,2489.5,1627.125,33.94,51.42
230.8,855.2425,640.74,1587.625,1607.3975,2017.11,1879.04125,1055.625,1202.69625,2489.5,1627.125,33.93,51.4
230.9,855.2425,640.74,1587.625,1607.3975,2017.1725,1878.97375,1055.75,1202.485,2489.5,1627.125,33.94,51.39
231.0,855.2425,640.615,1587.5,1607.3975,2017.11,1879.04125,1055.75,1202.485,2489.5,1627.125,33.91,51.42
231.1,855.13125,640.615,1587.625,1607.3975,2017.11,1879.04125,1055.75,1202.275,2489.5,1627.125,33.93,51.37
231.2,855.2425,640.615,1587.625,1607.3975,2017.11,1879.04125,1055.75,1202.275,2489.5,1627,33.94,51.42
231.3,855.2425,640.615,1587.625,1607.2875,2017.1725,1879.10875,1055.75,1202.275,2489.5,1627,33.95,51.39
231.4,855.2425,640.615,1587.625,1607.3975,2017.1725,1879.04125,1055.875,1202.06375,2489.5,1627,33.91,51.37
231.5,855.2425,640.49,1587.5,1607.2875,2017.1725,1879.10875,1055.75,1202.06375,2489.5,1627,33.91,51.41
231.6,855.13125,640.49,1587.625,1607.2875,2017.1725,1879.10875,1055.75,1201.8525,2489.5,1627,33.91,51.4
231.7,855.13125,640.49,1587.625,1607.2875,2017.1725,1879.10875,1055.875,1201.64125,2489.5,1627,33.93,51.4
231.8,855.13125,640.49,1587.625,1607.3975,2017.11,1879.10875,1055.875,1201.64125,2489.5,1626.875,33.94,51.42
231.9,855.13125,640.49,1587.625,1607.2875,2017.1725,1879.10875,1055.875,1201.43125,2489.375,1626.75,33.94,51.44
232.0,855.13125,640.49,1587.5,1607.2875,2017.1725,1879.17625,1055.875,1201.43125,2489.5,1626.875,33.91,51.4
232.1,855.13125,640.49,1587.625,1607.2875,2017.1725,1879.10875,1055.875,1201.43125,2489.375,1626.75,33.93,51.43
232.2,855.13125,640.49,1587.5,1607.2875,2017.1725,1879.10875,1055.875,1201.22,2489.375,1626.75,33.94,51.4
232.3,855.13125,640.365,1587.625,1607.2875,2017.1725,1879.10875,1055.875,1201.22,2489.375,1626.75,33.93,51.37
232.4,855.13125,640.365,1587.5,1607.2875,2017.235,1879.10875,1055.875,1201.22,2489.375,1626.625,33.93,51.4
232.5,855.13125,640.365,1587.5,1607.3975,2017.1725,1879.17625,1056,1201.00875,2489.375,1626.625,33.91,51.4
232.6,855.13125,640.365,1587.5,1607.2875,2017.1725,1879.17625,1055.875,1201.00875,2489.375,1626.75,33.93,51.43
232.7,855.02,640.365,1587.5,1607.3975,2017.1725,1879.17625,1056,1200.7975,2489.375,1626.625,33.93,51.44
232.8,855.13125,640.365,1587.5,1607.2875,2017.1725,1879.17625,1056,1200.7975,2489.25,1626.625,33.93,51.39
232.9,855.13125,640.24,1587.5,1607.2875,2017.1725,1879.17625,1056,1200.7975,2489.375,1626.625,33.91,51.42
233.0,855.13125,640.24,1587.5,1607.2875,2017.1725,1879.17625,1056,1200.5875,2489.25,1626.5,33.91,51.44
233.1,855.13125,640.24,1587.5,1607.2875,2017.1725,1879.17625,1056,1200.37625,2489.25,1626.5,33.93,51.43
233.2,855.13125,640.24,1587.5,1607.2875,2017.1725,1879.17625,1056.125,1200.37625,2489.25,1626.5,33.91,51.36
233.3,855.13125,640.24,1587.5,1607.2875,2017.1725,1879.17625,1056.125,1200.37625,2489.25,1626.375,33.93,51.43
233.4,855.02,640.24,1587.5,1607.2875,2017.1725,1879.17625,1056,1200.165,2489.25,1626.5,33.94,51.39
233.5,855.13125,640.24,1587.5,1607.2875,2017.1725,1879.17625,1056,1200.165,2489.25,1626.5,33.93,51.43
233.6,855.13125,640.24,1587.5,1607.2875,2017.1725,1879.24375,1056,1199.95375,2489.25,1626.375,33.93,51.47
233.7,855.13125,640.24,1587.5,1607.2875,2017.1725,1879.17625,1056.125,1199.95375,2489.25,1626.375,33.91,51.41
233.8,855.02,640.115,1587.5,1607.2875,2017.1725,1879.17625,1056.125,1199.74375,2489.25,1626.375,33.94,51.44
233.9,855.13125,640.115,1587.5,1607.2875,2017.1725,1879.17625,1056.125,1199.5325,2489.25,1626.375,33.9,51.4
234.0,855.02,640.115,1587.5,1607.2875,2017.1725,1879.17625,1056.125,1199.5325,2489.25,1626.375,33.94,51.4
234.1,855.13125,640.115,1587.375,1607.2875,2017.1725,1879.17625,1056.125,1199.5325,2489.25,1626.375,33.91,51.42
234.2,855.13125,640.115,1587.5,1607.2875,2017.1725,1879.24375,1056.125,1199.32125,2489.25,1626.375,33.94,51.42
234.3,855.13125,639.99,1587.5,1607.17875,2017.1725,1879.24375,1056.25,1199.32125,2489.25,1626.25,33.91,51.44
234.4,855.13125,639.99,1587.5,1607.2875,2017.235,1879.17625,1056.125,1199.11,2489.25,1626.25,33.93,51.44
234.5,855.02,639.99,1587.5,1607.2875,2017.1725,1879.24375,1056.125,1199.11,2489.375,1626.25,33.91,51.44
234.6,855.13125,639.99,1587.5,1607.17875,2017.1725,1879.24375,1056.25,1199.11,2489.375,1626.25,33.94,51.44
234.7,855.02,639.865,1587.375,1607.2875,2017.1725,1879.24375,1056.25,1198.9,2489.375,1626.25,33.93,51.39
234.8,855.13125,639.865,1587.375,1607.2875,2017.235,1879.24375,1056.25,1198.68875,2489.375,1626.25,33.91,51.44
234.9,855.13125,639.865,1587.375,1607.2875,2017.1725,1879.24375,1056.25,1198.68875,2489.375,1626.125,33.94,51.42
235.0,855.13125,639.865,1587.375,1607.17875,2017.1725,1879.24375,1056.25,1198.68875,2489.5,1626.125,33.93,51.47
235.1,855.02,639.865,1587.375,1607.2875,2017.235,1879.31125,1056.25,1198.68875,2489.375,1626.125,33.91,51.42
235.2,855.02,639.74,1587.5,1607.2875,2017.1725,1879.31125,1056.25,1198.4775,2489.5,1626.125,33.91,51.45
235.3,855.02,639.74,1587.375,1607.2875,2017.235,1879.31125,1056.375,1198.4775,2489.5,1626,33.91,51.45
235.4,855.13125,639.74,1587.375,1607.2875,2017.235,1879.31125,1056.375,1198.4775,2489.5,1626,33.91,51.45
235.5,855.02,639.615,1587.375,1607.17875,2017.235,1879.37875,1056.375,1198.26625,2489.5,1626,33.94,51.45
235.6,855.13125,639.615,1587.375,1607.17875,2017.235,1879.37875,1056.375,1198.26625,2489.5,1626,33.91,51.44
235.7,855.13125,639.615,1587.375,1607.2875,2017.235,1879.37875,1056.375,1198.055,2489.375,1625.875,33.93,51.37
235.8,855.02,639.615,1587.375,1607.2875,2017.235,1879.37875,1056.375,1198.055,2489.5,1625.875,33.94,51.43
235.9,855.13125,639.49,1587.375,1607.2875,2017.235,1879.37875,1056.375,1197.845,2489.375,1625.875,33.93,51.45
236.0,855.02,639.49,1587.375,1607.2875,2017.235,1879.37875,1056.5,1197.845,2489.375,1625.875,33.93,51.43
236.1,855.13125,639.365,1587.375,1607.17875,2017.235,1879.37875,1056.5,1197.63375,2489.375,1625.875,33.93,51.42
236.2,855.02,639.365,1587.375,1607.2875,2017.235,1879.44625,1056.5,1197.63375,2489.375,1625.75,33.93,51.44
236.3,855.02,639.365,1587.375,1607.17875,2017.235,1879.37875,1056.5,1197.4225,2489.375,1625.75,33.94,51.44
236.4,855.02,639.24,1587.25,1607.17875,2017.29875,1879.37875,1056.5,1197.4225,2489.25,1625.75,33.94,51.45
236.5,855.02,639.11625,1587.375,1607.17875,2017.235,1879.44625,1056.5,1197.4225,2489.25,1625.75,33.94,51.45
236.6,855.02,639.11625,1587.375,1607.17875,2017.235,1879.44625,1056.5,1197.21125,2489.25,1625.75,33.94,51.49
236.7,855.02,638.99125,1587.375,1607.17875,2017.235,1879.44625,1056.5,1196.79,2489.25,1625.625,33.94,51.48
236.8,855.02,638.99125,1587.375,1607.17875,2017.235,1879.44625,1056.5,1197.00125,2489.25,1625.625,33.93,51.44
236.9,854.9075,638.99125,1587.375,1607.17875,2017.235,1879.44625,1056.625,1196.79,2489.25,1625.625,33.94,51.47
237.0,855.02,638.86625,1587.375,1607.17875,2017.235,1879.44625,1056.625,1196.57875,2489.125,1625.625,33.94,51.45
237.1,855.02,638.86625,1587.375,1607.17875,2017.235,1879.44625,1056.625,1196.57875,2489.25,1625.5,33.94,51.48
237.2,855.02,638.74125,1587.25,1607.06875,2017.235,1879.44625,1056.5,1196.3675,2489.125,1625.5,33.95,51.46
237.3,855.02,638.74125,1587.375,1607.06875,2017.235,1879.44625,1056.625,1196.3675,2489.25,1625.5,33.93,51.45
237.4,855.02,638.61625,1587.25,1607.06875,2017.235,1879.44625,1056.625,1196.1575,2489.25,1625.5,33.93,51.45
237.5,855.02,638.49125,1587.25,1607.06875,2017.235,1879.44625,1056.625,1196.1575,2489.125,1625.5,33.91,51.5
237.6,855.02,638.49125,1587.25,1607.06875,2017.235,1879.44625,1056.625,1195.94625,2489.25,1625.5,33.94,51.47
237.7,854.9075,638.49125,1587.25,1607.06875,2017.235,1879.44625,1056.625,1195.735,2489.125,1625.375,33.94,51.45
237.8,854.9075,638.36625,1587.25,1607.06875,2017.235,1879.51375,1056.625,1195.735,2489.125,1625.375,33.94,51.47
237.9,855.02,638.36625,1587.25,1607.06875,2017.235,1879.44625,1056.75,1195.735,2489.25,1625.375,33.93,51.47
238.0,854.9075,638.24125,1587.25,1607.06875,2017.235,1879.44625,1056.625,1195.52375,2489.125,1625.375,33.93,51.48
238.1,854.9075,638.24125,1587.25,1607.06875,2017.235,1879.51375,1056.75,1195.52375,2489.125,1625.375,33.91,51.48
238.2,855.02,638.11625,1587.25,1607.06875,2017.235,1879.51375,1056.625,1195.31375,2489.25,1625.25,33.93,51.47
238.3,854.9075,638.11625,1587.25,1606.95875,2017.235,1879.51375,1056.625,1195.31375,2489.125,1625.25,33.93,51.44
238.4,854.9075,637.99125,1587.125,1606.95875,2017.235,1879.51375,1056.75,1195.1025,2489.125,1625.125,33.9,51.44
238.5,854.9075,637.99125,1587.125,1606.95875,2017.235,1879.51375,1056.75,1194.89125,2489.125,1625.125,33.91,51.46
238.6,854.9075,637.86625,1587.25,1606.95875,2017.235,1879.51375,1056.75,1194.89125,2489.125,1625.125,33.93,51.51
238.7,854.9075,637.74125,1587.25,1606.95875,2017.235,1879.51375,1056.75,1194.68,2489.125,1625.125,33.93,51.47
238.8,854.9075,637.74125,1587.25,1606.95875,2017.235,1879.51375,1056.75,1194.68,2489,1625,33.93,51.47
238.9,854.9075,637.61625,1587.125,1606.95875,2017.235,1879.51375,1056.75,1194.68,2489,1625,33.93,51.49
239.0,854.9075,637.61625,1587.125,1606.84875,2017.235,1879.51375,1056.75,1194.47,2489.125,1624.875,33.94,51.48
239.1,854.79625,637.49125,1587.25,1606.84875,2017.235,1879.51375,1056.875,1194.25875,2489,1624.875,33.93,51.52
239.2,854.79625,637.49125,1587.25,1606.84875,2017.235,1879.58,1056.875,1194.0475,2489,1624.75,33.93,51.48
239.3,854.79625,637.36625,1587.125,1606.84875,2017.235,1879.58,1056.875,1194.0475,2489,1624.75,33.93,51.51
239.4,854.79625,637.36625,1587.125,1606.84875,2017.1725,1879.58,1056.875,1194.0475,2489,1624.75,33.95,51.53
239.5,854.79625,637.24125,1587.125,1606.84875,2017.1725,1879.58,1056.875,1193.83625,2489,1624.75,33.94,51.53
239.6,854.79625,637.24125,1587.125,1606.84875,2017.1725,1879.58,1056.875,1193.83625,2488.875,1624.75,33.91,51.48
239.7,854.79625,637.11625,1587.125,1606.84875,2017.1725,1879.58,1056.875,1193.83625,2488.875,1624.75,33.93,51.49
239.8,854.79625,636.99125,1587.125,1606.84875,2017.235,1879.58,1057,1193.625,2488.875,1624.75,33.93,51.47
239.9,854.79625,636.99125,1587.125,1606.84875,2017.1725,1879.6475,1056.875,1193.415,2488.875,1624.625,33.93,51.51
240.0,854.79625,636.99125,1587.125,1606.74,2017.235,1879.6475,1056.875,1193.415,2488.875,1624.625,33.93,51.48
240.1,854.79625,636.86625,1587.125,1606.74,2017.1725,1879.58,1056.875,1193.415,2488.875,1624.625,33.93,51.48
240.2,854.79625,636.74125,1587.125,1606.74,2017.235,1879.58,1057,1193.20375,2488.875,1624.625,33.93,51.53
240.3,854.79625,636.74125,1587.125,1606.74,2017.1725,1879.6475,1057,1192.9925,2488.875,1624.5,33.95,51.48
240.4,854.79625,636.74125,1587.125,1606.74,2017.1725,1879.6475,1057,1192.78125,2488.875,1624.5,33.93,51.52
240.5,854.79625,636.61625,1587.125,1606.74,2017.235,1879.6475,1057,1192.78125,2488.875,1624.5,33.93,51.52
240.6,854.79625,636.61625,1587.125,1606.63,2017.235,1879.6475,1057,1192.78125,2488.875,1624.5,33.93,51.51
240.7,854.685,636.49125,1587.125,1606.63,2017.1725,1879.6475,1057.125,1192.57125,2488.875,1624.5,33.94,51.51
240.8,854.79625,636.49125,1587.125,1606.63,2017.235,1879.6475,1057,1192.36,2488.875,1624.5,33.94,51.51
240.9,854.685,636.36625,1587.125,1606.63,2017.1725,1879.6475,1057,1192.14875,2488.875,1624.5,33.93,51.53
241.0,854.79625,636.36625,1587.125,1606.63,2017.1725,1879.6475,1057,1191.9375,2488.875,1624.375,33.93,51.56
241.1,854.685,636.24125,1587.125,1606.63,2017.235,1879.6475,1057.125,1191.9375,2488.75,1624.375,33.94,51.55
241.2,854.79625,636.24125,1587.125,1606.63,2017.1725,1879.6475,1057,1191.7275,2488.75,1624.375,33.91,51.5
241.3,854.685,635.99125,1587,1606.52,2017.1725,1879.6475,1057.125,1191.7275,2488.75,1624.25,33.93,51.57
241.4,854.685,635.99125,1587,1606.52,2017.1725,1879.6475,1057.125,1191.51625,2488.75,1624.25,33.93,51.56
241.5,854.685,635.99125,1587.125,1606.63,2017.1725,1879.715,1057.125,1191.305,2488.75,1624.25,33.94,51.53
241.6,854.685,635.99125,1587,1606.52,2017.1725,1879.715,1057.125,1191.305,2488.625,1624.25,33.91,51.54
241.7,854.57375,635.86625,1587,1606.52,2017.1725,1879.715,1057.125,1191.305,2488.625,1624.125,33.93,51.56
241.8,854.685,635.74125,1587,1606.52,2017.1725,1879.715,1057.125,1191.09375,2488.625,1624.125,33.94,51.58
241.9,854.685,635.74125,1587.125,1606.52,2017.1725,1879.715,1057.125,1190.88375,2488.625,1624,33.91,51.54
242.0,854.57375,635.61625,1587,1606.52,2017.235,1879.715,1057.125,1190.88375,2488.625,1624.125,33.91,51.53
242.1,854.57375,635.61625,1587,1606.52,2017.1725,1879.715,1057.125,1190.6725,2488.625,1624,33.93,51.56
242.2,854.57375,635.61625,1587,1606.41125,2017.1725,1879.6475,1057.125,1190.6725,2488.5,1624,33.91,51.57
242.3,854.57375,635.49125,1587,1606.41125,2017.1725,1879.6475,1057.25,1190.46125,2488.5,1623.875,33.93,51.57
242.4,854.57375,635.36625,1587,1606.52,2017.1725,1879.715,1057.25,1190.46125,2488.5,1623.875,33.93,51.54
242.5,854.57375,635.36625,1587,1606.41125,2017.1725,1879.715,1057.25,1190.25,2488.375,1623.875,33.94,51.51
242.6,854.57375,635.36625,1587,1606.41125,2017.1725,1879.715,1057.25,1190.25,2488.375,1623.75,33.94,51.53
242.7,854.57375,635.24125,1587,1606.41125,2017.1725,1879.6475,1057.25,1190.04,2488.375,1623.75,33.91,51.56
242.8,854.57375,635.24125,1587,1606.41125,2017.1725,1879.6475,1057.25,1189.82875,2488.25,1623.75,33.93,51.54
242.9,854.46125,635.11625,1587,1606.41125,2017.1725,1879.715,1057.25,1189.6175,2488.25,1623.75,33.93,51.54
243.0,854.46125,635.11625,1587,1606.41125,2017.1725,1879.6475,1057.25,1189.40625,2488.25,1623.625,33.91,51.57
243.1,854.57375,634.99125,1586.875,1606.30125,2017.1725,1879.6475,1057.25,1189.40625,2488.25,1623.625,33.91,51.59
243.2,854.46125,634.99125,1586.875,1606.30125,2017.1725,1879.6475,1057.25,1189.40625,2488.125,1623.5,33.94,51.57
243.3,854.46125,634.86625,1587,1606.30125,2017.1725,1879.6475,1057.25,1189.195,2488.125,1623.5,33.91,51.57
243.4,854.46125,634.86625,1586.875,1606.30125,2017.1725,1879.6475,1057.25,1188.985,2488.125,1623.5,33.91,51.58
243.5,854.46125,634.74125,1586.875,1606.30125,2017.1725,1879.6475,1057.375,1188.77375,2488.125,1623.375,33.94,51.52
243.6,854.46125,634.74125,1586.875,1606.19125,2017.1725,1879.6475,1057.25,1188.77375,2488,1623.5,33.93,51.57
243.7,854.46125,634.74125,1586.875,1606.19125,2017.1725,1879.58,1057.25,1188.77375,2488,1623.375,33.9,51.51
243.8,854.46125,634.74125,1586.875,1606.19125,2017.11,1879.58,1057.375,1188.5625,2488,1623.375,33.94,51.56
243.9,854.46125,634.61625,1586.875,1606.19125,2017.11,1879.58,1057.375,1188.35125,2488,1623.375,33.93,51.58
244.0,854.46125,634.61625,1587,1606.19125,2017.1725,1879.58,1057.375,1188.14125,2488,1623.25,33.94,51.55
244.1,854.46125,634.49125,1586.875,1606.19125,2017.1725,1879.58,1057.375,1188.14125,2488,1623.25,33.93,51.58
244.2,854.46125,634.49125,1586.875,1606.19125,2017.11,1879.58,1057.375,1188.14125,2487.875,1623.125,33.93,51.56
244.3,854.35,634.49125,1586.875,1606.19125,2017.11,1879.58,1057.375,1188.14125,2487.875,1623.125,33.94,51.58
244.4,854.46125,634.49125,1586.875,1606.08125,2017.1725,1879.58,1057.375,1187.93,2487.875,1623,33.94,51.56
244.5,854.35,634.36625,1586.875,1606.19125,2017.11,1879.58,1057.375,1187.71875,2487.875,1623,33.9,51.55
244.6,854.35,634.24125,1586.875,1606.19125,2017.11,1879.51375,1057.5,1187.71875,2487.875,1623,33.93,51.56
244.7,854.35,634.24125,1586.875,1606.19125,2017.11,1879.58,1057.375,1187.71875,2487.875,1622.875,33.93,51.57
244.8,854.35,634.24125,1586.875,1606.08125,2017.11,1879.51375,1057.375,1187.5075,2487.75,1622.875,33.91,51.54
244.9,854.35,634.11625,1586.875,1606.08125,2017.11,1879.51375,1057.5,1187.2975,2487.75,1622.75,33.93,51.54
245.0,854.35,634.11625,1587,1606.08125,2017.11,1879.51375,1057.5,1187.2975,2487.75,1622.75,33.94,51.56
245.1,854.35,634.11625,1586.875,1606.08125,2017.11,1879.51375,1057.375,1187.08625,2487.75,1622.75,33.94,51.58
245.2,854.35,634.11625,1586.875,1606.08125,2017.11,1879.51375,1057.5,1187.08625,2487.625,1622.625,33.9,51.55
245.3,854.23875,633.99125,1586.875,1606.08125,2017.11,1879.51375,1057.5,1186.875,2487.625,1622.625,33.9,51.58
245.4,854.35,633.99125,1586.875,1606.08125,2017.11,1879.51375,1057.5,1186.875,2487.625,1622.625,33.93,51.61
245.5,854.35,633.99125,1586.875,1605.9725,2017.11,1879.51375,1057.5,1186.66375,2487.625,1622.5,33.91,51.54
245.6,854.23875,633.99125,1586.875,1606.08125,2017.11,1879.51375,1057.5,1186.66375,2487.5,1622.5,33.93,51.56
245.7,854.35,633.99125,1586.875,1605.9725,2017.11,1879.51375,1057.625,1186.45375,2487.5,1622.375,33.93,51.57
245.8,854.23875,633.99125,1586.875,1605.9725,2017.11,1879.51375,1057.5,1186.45375,2487.5,1622.375,33.91,51.58
245.9,854.23875,633.99125,1586.875,1605.9725,2017.11,1879.44625,1057.5,1186.2425,2487.375,1622.25,33.93,51.52
246.0,854.23875,633.99125,1586.875,1605.9725,2017.11,1879.44625,1057.5,1186.2425,2487.5,1622.25,33.93,51.54
246.1,854.23875,633.86625,1586.875,1605.9725,2017.11,1879.44625,1057.5,1186.03125,2487.375,1622.25,33.94,51.56
246.2,854.23875,633.86625,1586.875,1605.9725,2017.11,1879.51375,1057.5,1186.03125,2487.375,1622.25,33.94,51.56
246.3,854.23875,633.86625,1586.875,1605.9725,2017.11,1879.51375,1057.5,1185.82,2487.375,1622.125,33.93,51.58
246.4,854.23875,633.86625,1586.875,1605.9725,2017.11,1879.51375,1057.5,1185.82,2487.375,1622.125,33.95,51.55
246.5,854.23875,633.86625,1586.875,1605.9725,2017.11,1879.44625,1057.625,1185.61,2487.375,1622,33.91,51.58
246.6,854.35,633.86625,1586.75,1605.9725,2017.11,1879.44625,1057.625,1185.61,2487.25,1622,33.9,51.54
246.7,854.23875,633.86625,1586.875,1605.9725,2017.11,1879.44625,1057.625,1185.39875,2487.25,1622,33.93,51.54
246.8,854.23875,633.86625,1586.75,1605.9725,2017.11,1879.44625,1057.625,1185.39875,2487.25,1621.875,33.94,51.55
246.9,854.23875,633.74125,1586.75,1605.9725,2017.11,1879.44625,1057.625,1185.1875,2487.375,1621.875,33.91,51.53
247.0,854.23875,633.86625,1586.75,1605.9725,2017.11,1879.44625,1057.75,1185.1875,2487.25,1621.875,33.91,51.56
247.1,854.23875,633.74125,1586.875,1605.9725,2017.11,1879.44625,1057.625,1185.1875,2487.25,1621.875,33.93,51.56
247.2,854.23875,633.74125,1586.75,1605.8625,2017.11,1879.44625,1057.625,1184.97625,2487.25,1621.75,33.93,51.57
247.3,854.23875,633.74125,1586.75,1605.9725,2017.04625,1879.44625,1057.625,1184.765,2487.25,1621.75,33.94,51.57
247.4,854.23875,633.74125,1586.875,1605.9725,2017.11,1879.44625,1057.625,1184.765,2487.125,1621.75,33.93,51.58
247.5,854.23875,633.61625,1586.75,1605.8625,2017.11,1879.44625,1057.625,1184.765,2487.125,1621.625,33.93,51.54
247.6,854.23875,633.61625,1586.875,1605.9725,2017.11,1879.51375,1057.75,1184.765,2487.125,1621.625,33.93,51.56
247.7,854.23875,633.61625,1586.75,1605.8625,2017.11,1879.44625,1057.75,1184.765,2487.125,1621.5,33.93,51.53
247.8,854.23875,633.61625,1586.875,1605.8625,2017.11,1879.44625,1057.75,1184.555,2487.125,1621.5,33.93,51.56
247.9,854.23875,633.61625,1586.75,1605.8625,2017.11,1879.44625,1057.625,1184.555,2487.125,1621.375,33.94,51.58
248.0,854.23875,633.61625,1586.75,1605.8625,2017.11,1879.44625,1057.75,1184.34375,2487.125,1621.375,33.94,51.57
248.1,854.1275,633.61625,1586.875,1605.8625,2017.11,1879.51375,1057.75,1184.34375,2487,1621.375,33.94,51.55
248.2,854.23875,633.49125,1586.75,1605.8625,2017.04625,1879.44625,1057.75,1184.1325,2487,1621.25,33.9,51.55
248.3,854.23875,633.49125,1586.75,1605.8625,2017.11,1879.51375,1057.875,1184.1325,2487,1621.25,33.9,51.55
248.4,854.23875,633.49125,1586.75,1605.8625,2017.11,1879.44625,1057.875,1183.92125,2487,1621.125,33.91,51.56
248.5,854.23875,633.49125,1586.75,1605.8625,2017.04625,1879.51375,1057.875,1183.71125,2487,1621.125,33.93,51.58
248.6,854.23875,633.36625,1586.75,1605.8625,2017.04625,1879.44625,1057.875,1183.71125,2487,1621.125,33.91,51.57
248.7,854.23875,633.36625,1586.75,1605.8625,2017.11,1879.51375,1057.875,1183.71125,2486.875,1621.125,33.93,51.52
248.8,854.1275,633.36625,1586.75,1605.8625,2017.04625,1879.44625,1057.875,1183.5,2487,1621,33.93,51.56
248.9,854.23875,633.36625,1586.75,1605.8625,2017.04625,1879.51375,1057.875,1183.5,2486.875,1621,33.9,51.5
249.0,854.1275,633.36625,1586.75,1605.8625,2017.11,1879.51375,1057.875,1183.28875,2487,1620.875,33.88,51.59
249.1,854.23875,633.36625,1586.75,1605.8625,2017.11,1879.44625,1057.875,1183.28875,2486.875,1620.875,33.93,51.56
249.2,854.23875,633.36625,1586.75,1605.8625,2017.11,1879.44625,1057.875,1183.0775,2486.875,1620.875,33.93,51.54
249.3,854.1275,633.24125,1586.75,1605.8625,2017.11,1879.51375,1057.875,1183.0775,2486.875,1620.875,33.93,51.57
249.4,854.23875,633.24125,1586.75,1605.8625,2017.11,1879.51375,1057.875,1182.8675,2486.875,1620.75,33.93,51.52
249.5,854.23875,633.24125,1586.75,1605.8625,2017.11,1879.51375,1058,1182.8675,2486.75,1620.625,33.91,51.56
249.6,854.1275,633.24125,1586.75,1605.8625,2017.11,1879.51375,1057.875,1182.65625,2486.75,1620.625,33.93,51.53
249.7,854.23875,633.24125,1586.75,1605.8625,2017.11,1879.51375,1058,1182.65625,2486.75,1620.625,33.93,51.57
249.8,854.23875,633.24125,1586.75,1605.8625,2017.11,1879.51375,1057.875,1182.445,2486.75,1620.625,33.91,51.53
249.9,854.1275,633.11625,1586.75,1605.8625,2017.11,1879.51375,1058,1182.445,2486.75,1620.5,33.94,51.56
250.0,854.1275,633.11625,1586.75,1605.8625,2017.11,1879.51375,1058,1182.23375,2486.75,1620.5,33.91,51.57
250.1,854.1275,633.11625,1586.75,1605.8625,2017.1725,1879.51375,1058,1182.23375,2486.75,1620.5,33.91,51.53
250.2,854.23875,633.24125,1586.75,1605.8625,2017.11,1879.51375,1058,1182.02375,2486.625,1620.375,33.94,51.57
250.3,854.1275,633.11625,1586.75,1605.8625,2017.11,1879.58,1058,1182.02375,2486.625,1620.375,33.94,51.53
250.4,854.1275,633.11625,1586.75,1605.8625,2017.11,1879.58,1058.125,1182.02375,2486.625,1620.375,33.93,51.54
250.5,854.23875,633.24125,1586.75,1605.8625,2017.11,1879.58,1058.125,1182.02375,2486.625,1620.375,33.9,51.53
250.6,854.1275,633.11625,1586.75,1605.7525,2017.1725,1879.58,1058.125,1181.8125,2486.625,1620.25,33.91,51.59
250.7,854.1275,633.24125,1586.75,1605.7525,2017.11,1879.58,1058.125,1181.60125,2486.5,1620.25,33.93,51.54
250.8,854.1275,633.11625,1586.75,1605.7525,2017.1725,1879.58,1058.125,1181.60125,2486.5,1620.25,33.9,51.57
250.9,854.1275,633.11625,1586.75,1605.7525,2017.1725,1879.58,1058.125,1181.39,2486.625,1620.125,33.91,51.58
251.0,854.1275,633.11625,1586.75,1605.8625,2017.1725,1879.58,1058.125,1181.39,2486.5,1620.125,33.9,51.55
251.1,854.1275,633.24125,1586.75,1605.7525,2017.11,1879.58,1058.125,1181.18,2486.5,1620.125,33.91,51.53
251.2,854.1275,633.24125,1586.75,1605.7525,2017.1725,1879.58,1058.125,1181.18,2486.5,1620,33.9,51.53
251.3,854.1275,633.24125,1586.75,1605.7525,2017.1725,1879.58,1058.125,1181.18,2486.5,1620,33.93,51.58
251.4,854.1275,633.24125,1586.75,1605.8625,2017.1725,1879.58,1058.25,1181.18,2486.375,1619.875,33.94,51.56
251.5,854.1275,633.24125,1586.75,1605.8625,2017.1725,1879.58,1058.125,1180.96875,2486.375,1619.875,33.91,51.57
251.6,854.1275,633.24125,1586.75,1605.8625,2017.1725,1879.58,1058.25,1180.96875,2486.375,1619.875,33.91,51.58
251.7,854.1275,633.24125,1586.75,1605.8625,2017.1725,1879.58,1058.25,1180.7575,2486.375,1619.875,33.91,51.56
251.8,854.23875,633.36625,1586.75,1605.8625,2017.1725,1879.58,1058.25,1180.54625,2486.375,1619.75,33.91,51.54
251.9,854.23875,633.24125,1586.75,1605.8625,2017.235,1879.58,1058.25,1180.54625,2486.375,1619.75,33.91,51.53
252.0,854.23875,633.36625,1586.75,1605.8625,2017.1725,1879.58,1058.25,1180.54625,2486.375,1619.75,33.9,51.55
252.1,854.23875,633.36625,1586.75,1605.8625,2017.235,1879.6475,1058.25,1180.33625,2486.25,1619.75,33.93,51.54
252.2,854.1275,633.36625,1586.625,1605.8625,2017.235,1879.6475,1058.375,1180.33625,2486.375,1619.625,33.93,51.56
252.3,854.23875,633.36625,1586.75,1605.8625,2017.235,1879.58,1058.375,1180.125,2486.25,1619.625,33.93,51.57
252.4,854.23875,633.36625,1586.75,1605.8625,2017.235,1879.6475,1058.25,1180.125,2486.25,1619.625,33.93,51.58
252.5,854.23875,633.36625,1586.625,1605.8625,2017.235,1879.58,1058.375,1179.91375,2486.25,1619.625,33.9,51.57
252.6,854.23875,633.36625,1586.625,1605.8625,2017.235,1879.58,1058.375,1179.91375,2486.25,1619.5,33.93,51.57
252.7,854.23875,633.36625,1586.625,1605.8625,2017.235,1879.58,1058.375,1179.7025,2486.25,1619.5,33.93,51.6
252.8,854.23875,633.36625,1586.625,1605.8625,2017.235,1879.6475,1058.375,1179.7025,2486.25,1619.5,33.94,51.53
252.9,854.23875,633.36625,1586.625,1605.8625,2017.235,1879.58,1058.375,1179.7025,2486.25,1619.5,33.93,51.57
253.0,854.23875,633.36625,1586.75,1605.8625,2017.235,1879.58,1058.375,1179.4925,2486.125,1619.5,33.93,51.54
253.1,854.23875,633.36625,1586.625,1605.8625,2017.235,1879.58,1058.375,1179.4925,2486.125,1619.5,33.94,51.56
253.2,854.23875,633.36625,1586.625,1605.8625,2017.235,1879.58,1058.375,1179.28125,2486.125,1619.5,33.93,51.58
253.3,854.23875,633.36625,1586.625,1605.7525,2017.235,1879.58,1058.5,1179.28125,2486.125,1619.5,33.91,51.56
253.4,854.23875,633.36625,1586.625,1605.7525,2017.235,1879.58,1058.375,1179.28125,2486,1619.375,33.93,51.6
253.5,854.23875,633.36625,1586.625,1605.7525,2017.235,1879.58,1058.375,1179.07,2486,1619.5,33.93,51.57
253.6,854.23875,633.36625,1586.625,1605.8625,2017.235,1879.51375,1058.5,1179.07,2486,1619.375,33.93,51.56
253.7,854.35,633.36625,1586.625,1605.7525,2017.235,1879.51375,1058.375,1179.07,2485.875,1619.375,33.91,51.58
253.8,854.35,633.36625,1586.625,1605.7525,2017.235,1879.51375,1058.5,1178.85875,2486,1619.25,33.91,51.54
253.9,854.23875,633.36625,1586.625,1605.7525,2017.235,1879.51375,1058.5,1178.85875,2485.875,1619.25,33.91,51.56
254.0,854.23875,633.24125,1586.625,1605.7525,2017.235,1879.44625,1058.5,1178.64875,2485.875,1619.25,33.91,51.61
254.1,854.23875,633.24125,1586.625,1605.7525,2017.235,1879.44625,1058.375,1178.64875,2485.875,1619.125,33.91,51.57
254.2,854.35,633.24125,1586.625,1605.7525,2017.1725,1879.44625,1058.5,1178.4375,2485.875,1619.125,33.91,51.53
254.3,854.23875,633.24125,1586.625,1605.7525,2017.1725,1879.44625,1058.5,1178.4375,2485.875,1619.125,33.94,51.55
254.4,854.23875,633.11625,1586.625,1605.6425,2017.1725,1879.44625,1058.5,1178.22625,2485.875,1619.125,33.93,51.56
254.5,854.23875,633.11625,1586.625,1605.7525,2017.1725,1879.44625,1058.5,1178.22625,2485.875,1619,33.93,51.57
254.6,854.23875,633.11625,1586.625,1605.7525,2017.1725,1879.37875,1058.5,1178.015,2485.75,1619,33.91,51.54
254.7,854.23875,632.99125,1586.625,1605.6425,2017.11,1879.37875,1058.5,1178.015,2485.75,1618.875,33.93,51.56
254.8,854.23875,632.99125,1586.625,1605.6425,2017.1725,1879.37875,1058.5,1177.805,2485.75,1618.875,33.93,51.54
254.9,854.23875,632.86625,1586.625,1605.6425,2017.11,1879.37875,1058.5,1177.59375,2485.75,1618.875,33.93,51.58
255.0,854.23875,632.86625,1586.625,1605.6425,2017.11,1879.37875,1058.5,1177.59375,2485.75,1618.75,33.91,51.5
255.1,854.23875,632.74125,1586.625,1605.53375,2017.11,1879.37875,1058.5,1177.59375,2485.625,1618.75,33.9,51.58
255.2,854.23875,632.74125,1586.625,1605.6425,2017.11,1879.37875,1058.5,1177.3825,2485.75,1618.75,33.94,51.55
255.3,854.1275,632.61625,1586.625,1605.6425,2017.11,1879.31125,1058.5,1177.17125,2485.75,1618.625,33.91,51.54
255.4,854.23875,632.61625,1586.625,1605.6425,2017.04625,1879.31125,1058.625,1177.17125,2485.625,1618.625,33.94,51.57
255.5,854.1275,632.49125,1586.625,1605.53375,2017.04625,1879.31125,1058.625,1176.96125,2485.625,1618.625,33.91,51.54
255.6,854.23875,632.49125,1586.625,1605.53375,2017.11,1879.31125,1058.625,1176.96125,2485.625,1618.5,33.93,51.54
255.7,854.1275,632.36625,1586.5,1605.53375,2017.04625,1879.31125,1058.5,1176.75,2485.625,1618.5,33.91,51.56
255.8,854.1275,632.24125,1586.625,1605.42375,2017.04625,1879.31125,1058.5,1176.75,2485.625,1618.5,33.91,51.57
255.9,854.1275,632.24125,1586.625,1605.42375,2017.04625,1879.31125,1058.625,1176.53875,2485.625,1618.5,33.93,51.54
256.0,854.1275,632.11625,1586.625,1605.42375,2017.04625,1879.31125,1058.5,1176.3275,2485.625,1618.375,33.91,51.58
256.1,854.1275,632.11625,1586.5,1605.42375,2017.04625,1879.31125,1058.625,1176.3275,2485.625,1618.25,33.91,51.56
256.2,854.1275,631.99125,1586.5,1605.42375,2017.04625,1879.31125,1058.625,1176.1175,2485.75,1618.375,33.91,51.56
256.3,854.1275,631.99125,1586.5,1605.31375,2016.98375,1879.31125,1058.625,1176.1175,2485.625,1618.25,33.91,51.56
256.4,854.1275,631.86625,1586.625,1605.31375,2016.92125,1879.31125,1058.625,1175.90625,2485.75,1618.25,33.93,51.56
256.5,854.015,631.74125,1586.5,1605.31375,2016.98375,1879.31125,1058.625,1175.695,2485.75,1618.125,33.94,51.52
256.6,854.015,631.74125,1586.5,1605.31375,2016.98375,1879.31125,1058.625,1175.695,2485.875,1618.25,33.94,51.53
256.7,854.015,631.61625,1586.5,1605.31375,2016.98375,1879.31125,1058.625,1175.48375,2485.875,1618.125,33.91,51.58
256.8,854.015,631.49125,1586.5,1605.205,2016.98375,1879.31125,1058.625,1175.48375,2485.875,1618.125,33.9,51.57
256.9,854.015,631.36625,1586.5,1605.205,2016.98375,1879.37875,1058.75,1175.2725,2485.875,1618.125,33.91,51.52
257.0,854.015,631.24125,1586.5,1605.205,2016.92125,1879.37875,1058.625,1175.0625,2485.875,1618.125,33.93,51.58
257.1,854.015,631.1175,1586.5,1605.205,2016.98375,1879.37875,1058.75,1174.85125,2486,1618.125,33.91,51.58
257.2,854.015,630.9925,1586.5,1605.095,2016.92125,1879.37875,1058.75,1174.85125,2486,1618.125,33.93,51.53
257.3,853.90375,630.8675,1586.5,1605.095,2016.92125,1879.37875,1058.75,1174.85125,2486,1618.125,33.93,51.54
257.4,853.90375,630.7425,1586.5,1605.095,2016.92125,1879.44625,1058.75,1174.64,2486.125,1618.125,33.91,51.52
257.5,853.90375,630.6175,1586.5,1604.985,2016.92125,1879.44625,1058.75,1174.42875,2486.125,1618.125,33.95,51.53
257.6,853.90375,630.4925,1586.5,1604.985,2016.92125,1879.51375,1058.875,1174.42875,2486.125,1618.125,33.94,51.58
257.7,853.7925,630.3675,1586.5,1604.985,2016.92125,1879.51375,1058.875,1174.21875,2486.125,1618.125,33.91,51.56
257.8,853.7925,630.2425,1586.5,1604.875,2016.92125,1879.51375,1058.875,1174.0075,2486.125,1618,33.93,51.57
257.9,853.90375,630.1175,1586.5,1604.875,2016.92125,1879.58,1058.875,1174.0075,2486.125,1618,33.93,51.56
258.0,853.7925,630.1175,1586.375,1604.875,2016.92125,1879.6475,1058.875,1173.79625,2486.125,1618,33.93,51.57
258.1,853.7925,629.9925,1586.5,1604.76625,2016.92125,1879.6475,1058.875,1173.79625,2486.125,1618,33.9,51.58
258.2,853.7925,629.7425,1586.5,1604.76625,2016.92125,1879.715,1058.875,1173.585,2486.125,1618,33.93,51.6
258.3,853.68125,629.6175,1586.375,1604.76625,2016.92125,1879.6475,1059,1173.375,2486.25,1618,33.91,51.61
258.4,853.68125,629.4925,1586.375,1604.76625,2016.92125,1879.715,1059,1173.16375,2486.25,1618,33.93,51.57
258.5,853.68125,629.3675,1586.5,1604.76625,2016.92125,1879.7825,1059,1173.16375,2486.25,1618,33.94,51.57
258.6,853.68125,629.2425,1586.375,1604.65625,2016.92125,1879.7825,1059,1172.9525,2486.25,1618,33.93,51.61
258.7,853.56875,629.1175,1586.375,1604.65625,2016.92125,1879.85,1059,1172.74125,2486.25,1617.875,33.93,51.6
258.8,853.68125,628.9925,1586.5,1604.65625,2016.92125,1879.85,1059,1172.74125,2486.25,1617.875,33.91,51.56
258.9,853.56875,628.8675,1586.375,1604.54625,2016.92125,1879.9175,1059,1172.74125,2486.25,1617.875,33.93,51.57
259.0,853.56875,628.6175,1586.375,1604.54625,2016.92125,1879.9175,1059.125,1172.53125,2486.375,1617.875,33.93,51.6
259.1,853.56875,628.4925,1586.375,1604.54625,2016.92125,1879.985,1059.125,1172.32,2486.375,1617.875,33.91,51.62
259.2,853.4575,628.3675,1586.375,1604.43625,2016.92125,1879.985,1059.125,1172.10875,2486.375,1617.875,33.93,51.56
259.3,853.4575,628.2425,1586.375,1604.43625,2016.92125,1880.0525,1059.125,1171.8975,2486.375,1617.875,33.93,51.62
259.4,853.4575,628.1175,1586.375,1604.43625,2016.92125,1880.0525,1059.125,1171.8975,2486.5,1617.75,33.94,51.62
259.5,853.34625,627.9925,1586.375,1604.3275,2016.92125,1880.11875,1059.125,1171.6875,2486.5,1617.75,33.91,51.62
259.6,853.34625,627.8675,1586.375,1604.3275,2016.92125,1880.18625,1059.25,1171.6875,2486.5,1617.875,33.91,51.58
259.7,853.34625,627.7425,1586.375,1604.2175,2016.92125,1880.18625,1059.125,1171.47625,2486.5,1617.75,33.94,51.66
259.8,853.34625,627.4925,1586.375,1604.2175,2016.92125,1880.25375,1059.25,1171.265,2486.5,1617.75,33.94,51.64
259.9,853.34625,627.3675,1586.375,1604.2175,2016.92125,1880.25375,1059.25,1171.265,2486.5,1617.875,33.93,51.62
260.0,853.235,627.2425,1586.375,1604.2175,2016.92125,1880.32125,1059.375,1171.05375,2486.5,1617.75,33.91,51.66
260.1,853.235,627.1175,1586.375,1604.2175,2016.92125,1880.32125,1059.25,1170.8425,2486.5,1617.75,33.93,51.64
260.2,853.235,626.9925,1586.25,1604.1075,2016.98375,1880.32125,1059.375,1170.8425,2486.5,1617.75,33.93,51.66
260.3,853.235,626.8675,1586.25,1604.1075,2016.98375,1880.38875,1059.375,1170.6325,2486.5,1617.875,33.91,51.64
260.4,853.235,626.7425,1586.25,1604.1075,2016.98375,1880.45625,1059.375,1170.42125,2486.625,1617.875,33.93,51.65
260.5,853.235,626.6175,1586.25,1603.99875,2016.98375,1880.45625,1059.375,1170.21,2486.5,1617.875,33.9,51.6
260.6,853.235,626.4925,1586.25,1603.99875,2016.98375,1880.45625,1059.375,1170.21,2486.625,1617.875,33.93,51.66
260.7,853.1225,626.3675,1586.375,1603.99875,2016.98375,1880.52375,1059.375,1169.99875,2486.5,1617.875,33.93,51.7
260.8,853.1225,626.2425,1586.25,1603.88875,2016.98375,1880.52375,1059.375,1169.78875,2486.5,1617.875,33.91,51.62
260.9,853.1225,626.1175,1586.25,1603.99875,2016.98375,1880.59125,1059.5,1169.78875,2486.5,1617.875,33.93,51.65
261.0,853.01125,625.9925,1586.25,1603.88875,2016.98375,1880.59125,1059.375,1169.5775,2486.5,1617.875,33.91,51.69
261.1,853.01125,625.8675,1586.25,1603.88875,2016.98375,1880.59125,1059.375,1169.36625,2486.5,1618,33.94,51.69
261.2,853.01125,625.7425,1586.25,1603.88875,2017.04625,1880.59125,1059.5,1169.36625,2486.5,1617.875,33.94,51.71
261.3,853.01125,625.7425,1586.25,1603.77875,2017.04625,1880.59125,1059.5,1169.155,2486.5,1617.875,33.88,51.67
261.4,853.01125,625.6175,1586.25,1603.77875,2017.04625,1880.65875,1059.5,1168.945,2486.5,1617.875,33.94,51.71
261.5,852.9,625.4925,1586.25,1603.77875,2017.04625,1880.65875,1059.5,1168.945,2486.375,1617.875,33.93,51.66
261.6,852.9,625.3675,1586.25,1603.77875,2017.04625,1880.725,1059.5,1168.73375,2486.375,1617.875,33.91,51.74
261.7,852.78875,625.2425,1586.125,1603.66875,2017.04625,1880.65875,1059.5,1168.5225,2486.375,1617.875,33.91,51.74
261.8,852.78875,625.1175,1586.25,1603.66875,2017.04625,1880.65875,1059.5,1168.31125,2486.25,1617.875,33.93,51.75
261.9,852.78875,625.1175,1586.25,1603.66875,2017.04625,1880.725,1059.5,1168.10125,2486.25,1617.875,33.91,51.74
262.0,852.78875,624.9925,1586.25,1603.66875,2017.04625,1880.65875,1059.5,1168.10125,2486.25,1617.875,33.91,51.74
262.1,852.67625,624.9925,1586.25,1603.56,2017.04625,1880.725,1059.625,1167.89,2486.25,1617.875,33.94,51.75
262.2,852.67625,624.8675,1586.25,1603.56,2017.11,1880.725,1059.625,1167.89,2486.125,1617.75,33.94,51.75
262.3,852.67625,624.8675,1586.25,1603.66875,2017.04625,1880.725,1059.5,1167.4675,2486.125,1617.875,33.93,51.79
262.4,852.67625,624.7425,1586.25,1603.56,2017.11,1880.725,1059.625,1167.2575,2486,1617.875,33.93,51.78
262.5,852.67625,624.7425,1586.25,1603.56,2017.11,1880.725,1059.625,1167.2575,2486,1617.75,33.91,51.74
262.6,852.67625,624.6175,1586.25,1603.56,2017.11,1880.65875,1059.625,1167.04625,2486,1617.75,33.94,51.79
262.7,852.565,624.6175,1586.25,1603.56,2017.11,1880.65875,1059.625,1166.835,2485.875,1617.75,33.93,51.78
262.8,852.565,624.6175,1586.25,1603.45,2017.11,1880.65875,1059.625,1166.835,2485.875,1617.625,33.91,51.8
262.9,852.565,624.4925,1586.25,1603.56,2017.11,1880.65875,1059.625,1166.62375,2485.75,1617.625,33.94,51.77
263.0,852.565,624.4925,1586.25,1603.45,2017.11,1880.65875,1059.625,1166.62375,2485.75,1617.625,33.95,51.77
263.1,852.565,624.4925,1586.25,1603.45,2017.1725,1880.65875,1059.625,1166.4125,2485.625,1617.5,33.9,51.79
263.2,852.45375,624.4925,1586.25,1603.45,2017.11,1880.59125,1059.625,1166.2025,2485.625,1617.5,33.94,51.78
263.3,852.45375,624.4925,1586.25,1603.45,2017.11,1880.59125,1059.625,1166.2025,2485.5,1617.5,33.91,51.78
263.4,852.45375,624.4925,1586.25,1603.45,2017.11,1880.59125,1059.5,1165.99125,2485.5,1617.375,33.94,51.82
263.5,852.45375,624.3675,1586.25,1603.34,2017.11,1880.59125,1059.5,1165.78,2485.375,1617.25,33.94,51.79
263.6,852.45375,624.3675,1586.25,1603.34,2017.11,1880.52375,1059.625,1165.56875,2485.375,1617.25,33.91,51.81
263.7,852.45375,624.3675,1586.25,1603.45,2017.11,1880.52375,1059.625,1165.56875,2485.25,1617.125,33.91,51.75
263.8,852.45375,624.3675,1586.25,1603.34,2017.11,1880.52375,1059.625,1165.35875,2485.25,1617.125,33.93,51.77
263.9,852.45375,624.3675,1586.25,1603.34,2017.11,1880.52375,1059.5,1165.35875,2485.125,1617,33.91,51.76
264.0,852.45375,624.3675,1586.25,1603.34,2017.11,1880.45625,1059.625,1165.1475,2485.125,1616.875,33.93,51.78
264.1,852.3425,624.3675,1586.25,1603.34,2017.11,1880.45625,1059.625,1164.93625,2485,1616.875,33.91,51.83
264.2,852.3425,624.3675,1586.25,1603.34,2017.11,1880.38875,1059.5,1164.93625,2485,1616.875,33.91,51.83
264.3,852.3425,624.3675,1586.25,1603.34,2017.11,1880.38875,1059.625,1164.725,2485,1616.75,33.93,51.78
264.4,852.3425,624.3675,1586.25,1603.34,2017.11,1880.38875,1059.625,1164.515,2484.875,1616.625,33.91,51.79
264.5,852.3425,624.3675,1586.25,1603.34,2017.11,1880.38875,1059.625,1164.515,2484.875,1616.625,33.93,51.82
264.6,852.3425,624.3675,1586.25,1603.34,2017.11,1880.32125,1059.625,1164.30375,2484.875,1616.625,33.91,51.83
264.7,852.23,624.3675,1586.25,1603.34,2017.11,1880.32125,1059.625,1164.30375,2484.875,1616.5,33.93,51.8
264.8,852.23,624.3675,1586.25,1603.34,2017.11,1880.32125,1059.625,1164.0925,2484.75,1616.375,33.91,51.79
264.9,852.23,624.3675,1586.25,1603.34,2017.11,1880.32125,1059.625,1164.0925,2484.75,1616.375,33.91,51.79
265.0,852.23,624.3675,1586.25,1603.23,2017.11,1880.25375,1059.625,1163.88125,2484.625,1616.25,33.91,51.78
265.1,852.23,624.3675,1586.25,1603.34,2017.11,1880.32125,1059.625,1163.88125,2484.625,1616.25,33.91,51.79
265.2,852.11875,624.3675,1586.125,1603.34,2017.11,1880.25375,1059.625,1163.67125,2484.625,1616.125,33.93,51.77
265.3,852.11875,624.3675,1586.25,1603.34,2017.11,1880.25375,1059.625,1163.67125,2484.625,1616.125,33.94,51.78
265.4,852.11875,624.3675,1586.25,1603.34,2017.11,1880.25375,1059.625,1163.46,2484.5,1616,33.94,51.74
265.5,852.23,624.3675,1586.25,1603.34,2017.04625,1880.25375,1059.75,1163.46,2484.5,1616,33.91,51.79
265.6,852.11875,624.3675,1586.25,1603.23,2017.04625,1880.25375,1059.75,1163.24875,2484.5,1615.875,33.91,51.79
265.7,852.11875,624.3675,1586.125,1603.34,2017.04625,1880.18625,1059.75,1163.24875,2484.5,1615.875,33.91,51.79
265.8,852.11875,624.3675,1586.25,1603.23,2017.04625,1880.25375,1059.625,1163.0375,2484.375,1615.75,33.91,51.75
265.9,852.11875,624.3675,1586.25,1603.23,2017.04625,1880.18625,1059.75,1163.0375,2484.375,1615.75,33.94,51.77
266.0,852.11875,624.3675,1586.25,1603.34,2017.04625,1880.18625,1059.625,1162.8275,2484.375,1615.625,33.93,51.77
266.1,852.11875,624.3675,1586.25,1603.34,2017.04625,1880.18625,1059.75,1162.8275,2484.375,1615.625,33.9,51.75
266.2,852.11875,624.3675,1586.25,1603.34,2017.04625,1880.18625,1059.75,1162.61625,2484.25,1615.5,33.91,51.78
266.3,852.11875,624.3675,1586.25,1603.34,2017.04625,1880.11875,1059.75,1162.61625,2484.25,1615.5,33.94,51.8
266.4,852.11875,624.3675,1586.25,1603.34,2017.04625,1880.11875,1059.75,1162.405,2484.25,1615.375,33.93,51.78
266.5,852.11875,624.3675,1586.25,1603.23,2017.04625,1880.11875,1059.75,1162.405,2484.25,1615.375,33.91,51.83
266.6,852.11875,624.3675,1586.25,1603.23,2016.98375,1880.11875,1059.75,1162.19375,2484.25,1615.25,33.93,51.75
266.7,852.11875,624.3675,1586.25,1603.23,2017.04625,1880.11875,1059.75,1162.19375,2484.125,1615.25,33.94,51.75
266.8,852.11875,624.3675,1586.25,1603.34,2017.04625,1880.11875,1059.75,1161.98375,2484.125,1615.125,33.91,51.76
266.9,852.11875,624.3675,1586.25,1603.23,2016.98375,1880.11875,1059.75,1161.98375,2484.125,1615.125,33.91,51.74
267.0,852.11875,624.3675,1586.25,1603.34,2016.98375,1880.11875,1059.75,1161.7725,2484.125,1615.125,33.93,51.82
267.1,852.11875,624.3675,1586.25,1603.23,2016.98375,1880.11875,1059.875,1161.7725,2484.125,1615.125,33.94,51.75
267.2,852.0075,624.3675,1586.25,1603.23,2016.98375,1880.11875,1059.875,1161.56125,2484.125,1615,33.93,51.74
267.3,852.11875,624.2425,1586.25,1603.23,2016.98375,1880.11875,1059.875,1161.56125,2484,1615,33.91,51.75
267.4,852.11875,624.2425,1586.25,1603.34,2017.04625,1880.11875,1059.875,1161.56125,2484,1614.875,33.93,51.77
267.5,852.0075,624.2425,1586.25,1603.23,2016.98375,1880.11875,1059.75,1161.35,2484,1614.875,33.91,51.78
267.6,852.11875,624.2425,1586.25,1603.34,2016.98375,1880.11875,1059.875,1161.14,2484,1614.875,33.91,51.74
267.7,852.0075,624.3675,1586.25,1603.23,2016.98375,1880.11875,1059.875,1161.14,2483.875,1614.75,33.91,51.75
267.8,852.0075,624.3675,1586.25,1603.34,2016.98375,1880.11875,1059.875,1160.92875,2483.875,1614.75,33.93,51.73
267.9,852.0075,624.2425,1586.25,1603.34,2016.98375,1880.0525,1059.875,1160.92875,2483.875,1614.625,33.93,51.75
268.0,852.0075,624.2425,1586.25,1603.23,2016.98375,1880.0525,1059.875,1160.7175,2483.75,1614.625,33.93,51.7
268.1,852.11875,624.2425,1586.25,1603.23,2016.98375,1880.0525,1059.875,1160.7175,2483.75,1614.5,33.93,51.74
268.2,852.0075,624.2425,1586.25,1603.23,2016.98375,1880.0525,1059.875,1160.7175,2483.75,1614.5,33.93,51.74
268.3,852.0075,624.2425,1586.25,1603.23,2016.98375,1880.0525,1059.875,1160.50625,2483.625,1614.375,33.9,51.69
268.4,852.0075,624.2425,1586.25,1603.34,2016.98375,1880.0525,1059.875,1160.50625,2483.625,1614.375,33.93,51.73
268.5,852.11875,624.2425,1586.25,1603.23,2016.98375,1880.0525,1060,1160.29625,2483.625,1614.25,33.9,51.72
268.6,852.0075,624.2425,1586.25,1603.23,2016.98375,1880.0525,1059.875,1160.29625,2483.625,1614.25,33.95,51.72
268.7,852.11875,624.2425,1586.25,1603.23,2016.98375,1880.0525,1060,1160.085,2483.625,1614.125,33.93,51.78
268.8,852.0075,624.2425,1586.25,1603.23,2016.98375,1880.0525,1059.875,1160.085,2483.5,1614.125,33.91,51.71
268.9,852.0075,624.2425,1586.25,1603.34,2016.98375,1880.0525,1060,1160.085,2483.5,1614.125,33.9,51.73
269.0,852.0075,624.2425,1586.25,1603.23,2016.92125,1880.0525,1060,1159.87375,2483.625,1614.125,33.9,51.71
269.1,852.0075,624.2425,1586.25,1603.23,2016.92125,1879.985,1059.875,1159.6625,2483.5,1614,33.94,51.73
269.2,852.0075,624.2425,1586.25,1603.23,2016.98375,1880.0525,1060,1159.6625,2483.5,1614.125,33.95,51.69
269.3,852.0075,624.1175,1586.25,1603.23,2016.98375,1879.985,1060,1159.6625,2483.5,1614,33.93,51.74
269.4,852.0075,624.1175,1586.25,1603.23,2016.98375,1880.0525,1059.875,1159.6625,2483.5,1614,33.94,51.7
269.5,852.0075,624.1175,1586.25,1603.34,2016.92125,1880.0525,1060,1159.4525,2483.5,1613.875,33.91,51.71
269.6,852.0075,624.1175,1586.25,1603.34,2016.92125,1880.0525,1060,1159.4525,2483.5,1613.875,33.91,51.74
269.7,852.0075,624.1175,1586.25,1603.23,2016.92125,1880.0525,1060,1159.24125,2483.375,1613.875,33.9,51.72
269.8,852.0075,624.1175,1586.25,1603.23,2016.98375,1879.985,1060,1159.24125,2483.375,1613.75,33.9,51.73
269.9,852.0075,624.1175,1586.25,1603.23,2016.98375,1879.985,1060,1159.03,2483.375,1613.75,33.91,51.72
270.0,852.0075,623.9925,1586.25,1603.23,2016.92125,1879.985,1060,1159.03,2483.375,1613.625,33.91,51.7
270.1,852.0075,623.9925,1586.25,1603.23,2016.98375,1879.985,1060,1158.81875,2483.375,1613.75,33.91,51.76
270.2,852.0075,623.9925,1586.25,1603.23,2016.92125,1879.985,1060,1158.81875,2483.375,1613.625,33.93,51.73
270.3,852.0075,623.86875,1586.25,1603.23,2016.92125,1879.985,1060,1158.81875,2483.375,1613.625,33.91,51.71
270.4,852.0075,623.86875,1586.25,1603.23,2016.92125,1879.985,1060,1158.60875,2483.375,1613.5,33.9,51.75
270.5,852.0075,623.86875,1586.25,1603.23,2016.92125,1879.985,1060.125,1158.3975,2483.375,1613.5,33.93,51.75
270.6,852.0075,623.74375,1586.25,1603.23,2016.92125,1879.985,1060.125,1158.3975,2483.25,1613.5,33.91,51.71
270.7,852.0075,623.74375,1586.25,1603.23,2016.92125,1879.985,1060.125,1158.3975,2483.375,1613.5,33.93,51.74
270.8,852.0075,623.61875,1586.25,1603.23,2016.92125,1879.985,1060.125,1158.18625,2483.375,1613.375,33.91,51.7
270.9,852.0075,623.61875,1586.25,1603.23,2016.92125,1879.985,1060.125,1157.975,2483.375,1613.375,33.93,51.7
271.0,852.0075,623.61875,1586.25,1603.12125,2016.8575,1879.985,1060.125,1157.975,2483.25,1613.375,33.91,51.72
271.1,852.0075,623.49375,1586.25,1603.12125,2016.92125,1879.985,1060.125,1157.975,2483.375,1613.375,33.94,51.7
271.2,852.0075,623.49375,1586.25,1603.12125,2016.8575,1879.985,1060.125,1157.765,2483.375,1613.25,33.93,51.7
271.3,852.0075,623.36875,1586.25,1603.23,2016.8575,1879.985,1060.25,1157.765,2483.25,1613.25,33.94,51.74
271.4,851.89625,623.24375,1586.25,1603.12125,2016.8575,1879.985,1060.25,1157.55375,2483.25,1613.25,33.91,51.74
271.5,851.89625,623.36875,1586.25,1603.12125,2016.8575,1879.985,1060.25,1157.3425,2483.25,1613.125,33.93,51.74
271.6,851.89625,623.24375,1586.25,1603.12125,2016.8575,1879.985,1060.125,1157.3425,2483.25,1613.125,33.93,51.75
271.7,851.89625,623.11875,1586.25,1603.12125,2016.8575,1880.0525,1060.25,1157.3425,2483.25,1613,33.93,51.7
271.8,851.89625,623.11875,1586.25,1603.12125,2016.8575,1880.0525,1060.25,1157.13125,2483.25,1613,33.91,51.67
271.9,851.89625,623.11875,1586.25,1603.12125,2016.8575,1879.985,1060.25,1156.92,2483.25,1613,33.91,51.7
272.0,851.89625,622.99375,1586.25,1603.12125,2016.8575,1880.0525,1060.25,1156.92,2483.25,1613,33.9,51.75
272.1,851.89625,622.99375,1586.25,1603.01125,2016.8575,1880.0525,1060.25,1156.92,2483.25,1613,33.91,51.74
272.2,851.89625,622.86875,1586.25,1603.01125,2016.795,1880.0525,1060.25,1156.71,2483.25,1613,33.91,51.7
272.3,851.89625,622.74375,1586.25,1603.01125,2016.795,1880.0525,1060.25,1156.49875,2483.25,1613,33.93,51.74
272.4,851.89625,622.74375,1586.25,1603.01125,2016.8575,1880.11875,1060.25,1156.49875,2483.25,1613,33.9,51.75
272.5,851.89625,622.74375,1586.25,1603.01125,2016.795,1880.0525,1060.25,1156.71,2483.25,1613,33.91,51.74
272.6,851.89625,622.74375,1586.25,1603.01125,2016.8575,1880.11875,1060.25,1156.49875,2483.25,1612.875,33.91,51.72
272.7,851.89625,622.74375,1586.25,1603.01125,2016.8575,1880.11875,1060.375,1156.2875,2483.25,1612.875,33.93,51.75
272.8,851.89625,622.61875,1586.25,1603.01125,2016.795,1880.11875,1060.375,1156.07625,2483.25,1612.875,33.91,51.71
272.9,851.89625,622.61875,1586.25,1603.01125,2016.8575,1880.11875,1060.375,1156.07625,2483.25,1612.875,33.93,51.73
273.0,851.89625,622.49375,1586.25,1602.90125,2016.8575,1880.11875,1060.375,1156.07625,2483.25,1612.875,33.91,51.7
273.1,851.89625,622.49375,1586.25,1603.01125,2016.8575,1880.18625,1060.375,1156.07625,2483.25,1612.875,33.91,51.74
273.2,851.89625,622.49375,1586.25,1603.01125,2016.8575,1880.18625,1060.5,1155.86625,2483.25,1612.875,33.91,51.74
273.3,851.89625,622.36875,1586.25,1602.90125,2016.8575,1880.18625,1060.5,1155.655,2483.25,1612.875,33.91,51.74
273.4,851.89625,622.36875,1586.25,1602.90125,2016.8575,1880.18625,1060.5,1155.655,2483.25,1612.875,33.91,51.72
273.5,851.78375,622.36875,1586.25,1602.90125,2016.8575,1880.18625,1060.375,1155.44375,2483.25,1612.875,33.91,51.71
273.6,851.89625,622.36875,1586.25,1602.90125,2016.8575,1880.18625,1060.5,1155.44375,2483.375,1612.875,33.91,51.74
273.7,851.89625,622.36875,1586.25,1602.90125,2016.92125,1880.25375,1060.5,1155.44375,2483.375,1612.875,33.9,51.72
273.8,851.78375,622.36875,1586.25,1603.01125,2016.8575,1880.25375,1060.5,1155.2325,2483.25,1612.875,33.94,51.74
273.9,851.78375,622.24375,1586.25,1602.90125,2016.8575,1880.25375,1060.5,1155.0225,2483.375,1612.875,33.91,51.72
274.0,851.78375,622.36875,1586.25,1602.90125,2016.92125,1880.25375,1060.5,1155.0225,2483.375,1612.875,33.9,51.72
274.1,851.78375,622.24375,1586.25,1602.90125,2016.92125,1880.25375,1060.5,1155.0225,2483.25,1612.875,33.91,51.71
274.2,851.78375,622.24375,1586.25,1602.90125,2016.92125,1880.25375,1060.5,1154.81125,2483.375,1612.875,33.93,51.75
274.3,851.78375,622.24375,1586.25,1602.90125,2016.92125,1880.32125,1060.625,1154.81125,2483.375,1612.875,33.91,51.78
274.4,851.89625,622.24375,1586.25,1602.90125,2016.92125,1880.32125,1060.625,1154.81125,2483.375,1612.875,33.91,51.74
274.5,851.78375,622.24375,1586.25,1602.90125,2016.92125,1880.32125,1060.625,1154.6,2483.375,1612.875,33.93,51.73
274.6,851.78375,622.24375,1586.25,1602.90125,2016.92125,1880.32125,1060.625,1154.6,2483.375,1612.875,33.93,51.75
274.7,851.89625,622.24375,1586.125,1602.90125,2016.98375,1880.32125,1060.5,1154.38875,2483.375,1612.875,33.93,51.75
274.8,851.78375,622.36875,1586.25,1602.90125,2016.98375,1880.32125,1060.625,1154.38875,2483.375,1612.875,33.91,51.74
274.9,851.89625,622.36875,1586.25,1603.01125,2016.98375,1880.32125,1060.625,1154.17875,2483.25,1612.875,33.91,51.76
275.0,851.89625,622.36875,1586.25,1603.01125,2016.98375,1880.38875,1060.625,1154.17875,2483.375,1612.75,33.91,51.72
275.1,851.89625,622.36875,1586.25,1602.90125,2016.98375,1880.32125,1060.625,1154.17875,2483.25,1612.75,33.93,51.77
275.2,851.89625,622.36875,1586.25,1603.01125,2016.98375,1880.32125,1060.625,1153.9675,2483.25,1612.75,33.94,51.75
275.3,851.89625,622.36875,1586.25,1603.01125,2016.98375,1880.32125,1060.75,1153.9675,2483.25,1612.75,33.91,51.72
275.4,851.89625,622.36875,1586.25,1603.01125,2017.04625,1880.32125,1060.75,1153.9675,2483.25,1612.625,33.93,51.77
275.5,851.89625,622.36875,1586.25,1603.01125,2017.04625,1880.38875,1060.625,1153.75625,2483.125,1612.625,33.9,51.76
275.6,851.89625,622.49375,1586.25,1602.90125,2017.04625,1880.38875,1060.75,1153.75625,2483.125,1612.625,33.94,51.78
275.7,851.89625,622.49375,1586.25,1603.01125,2017.04625,1880.32125,1060.75,1153.75625,2483.125,1612.5,33.91,51.78
275.8,851.89625,622.49375,1586.25,1603.01125,2017.04625,1880.32125,1060.75,1153.545,2483,1612.5,33.91,51.78
275.9,851.89625,622.49375,1586.25,1603.01125,2017.04625,1880.38875,1060.75,1153.335,2483,1612.5,33.93,51.78
276.0,851.89625,622.61875,1586.25,1603.01125,2017.04625,1880.38875,1060.75,1153.335,2483,1612.5,33.93,51.75
276.1,851.89625,622.61875,1586.25,1603.01125,2017.04625,1880.32125,1060.75,1153.335,2482.875,1612.375,33.93,51.73
276.2,851.89625,622.61875,1586.25,1603.01125,2017.04625,1880.32125,1060.75,1153.12375,2482.875,1612.375,33.9,51.76
276.3,851.89625,622.61875,1586.25,1603.01125,2017.04625,1880.32125,1060.75,1153.12375,2482.875,1612.375,33.91,51.79
276.4,851.89625,622.74375,1586.25,1603.01125,2017.11,1880.32125,1060.75,1153.12375,2482.75,1612.25,33.94,51.77
276.5,851.89625,622.74375,1586.25,1603.01125,2017.04625,1880.32125,1060.875,1153.12375,2482.75,1612.125,33.9,51.77
276.6,851.89625,622.86875,1586.25,1603.01125,2017.11,1880.32125,1060.75,1152.9125,2482.625,1612.125,33.91,51.75
276.7,851.89625,622.86875,1586.25,1603.01125,2017.11,1880.32125,1060.75,1152.9125,2482.625,1612.125,33.91,51.76
276.8,851.89625,622.99375,1586.25,1603.01125,2017.11,1880.25375,1060.75,1152.9125,2482.625,1612,33.9,51.73
276.9,851.89625,622.86875,1586.125,1603.12125,2017.11,1880.32125,1060.75,1152.70125,2482.625,1612,33.91,51.78
277.0,852.0075,623.11875,1586.25,1603.01125,2017.11,1880.25375,1060.75,1152.70125,2482.5,1611.875,33.94,51.77
277.1,851.89625,623.11875,1586.25,1603.12125,2017.11,1880.25375,1060.75,1152.70125,2482.5,1611.75,33.91,51.76
277.2,851.89625,623.11875,1586.25,1603.01125,2017.11,1880.25375,1060.75,1152.70125,2482.5,1611.75,33.93,51.74
277.3,851.89625,623.24375,1586.25,1603.12125,2017.11,1880.25375,1060.75,1152.49,2482.5,1611.75,33.91,51.75
277.4,852.0075,623.24375,1586.25,1603.12125,2017.11,1880.25375,1060.75,1152.49,2482.5,1611.75,33.91,51.78
277.5,852.0075,623.36875,1586.25,1603.12125,2017.11,1880.25375,1060.75,1152.28,2482.5,1611.625,33.91,51.78
277.6,852.0075,623.36875,1586.25,1603.12125,2017.11,1880.25375,1060.875,1152.28,2482.5,1611.625,33.94,51.74
277.7,852.0075,623.49375,1586.25,1603.12125,2017.11,1880.25375,1060.875,1152.28,2482.5,1611.625,33.91,51.75
277.8,852.0075,623.49375,1586.25,1603.12125,2017.1725,1880.18625,1060.875,1152.28,2482.5,1611.5,33.93,51.77
277.9,852.0075,623.61875,1586.25,1603.12125,2017.11,1880.25375,1060.875,1152.06875,2482.5,1611.5,33.93,51.77
278.0,852.0075,623.61875,1586.25,1603.23,2017.11,1880.25375,1060.875,1152.06875,2482.5,1611.5,33.93,51.77
278.1,852.0075,623.61875,1586.25,1603.12125,2017.1725,1880.25375,1060.875,1151.8575,2482.5,1611.5,33.91,51.75
278.2,852.0075,623.61875,1586.125,1603.23,2017.1725,1880.25375,1060.875,1151.8575,2482.5,1611.375,33.94,51.77
278.3,852.0075,623.74375,1586.25,1603.23,2017.1725,1880.25375,1060.875,1151.8575,2482.5,1611.375,33.91,51.71
278.4,852.0075,623.74375,1586.25,1603.23,2017.1725,1880.25375,1061,1151.8575,2482.5,1611.375,33.93,51.75
278.5,852.0075,623.74375,1586.125,1603.23,2017.11,1880.25375,1060.875,1151.8575,2482.5,1611.375,33.9,51.77
278.6,852.0075,623.74375,1586.25,1603.23,2017.1725,1880.25375,1060.875,1151.64625,2482.5,1611.375,33.93,51.75
278.7,852.0075,623.86875,1586.125,1603.23,2017.1725,1880.25375,1061,1151.64625,2482.5,1611.375,33.9,51.77
278.8,852.0075,623.86875,1586.125,1603.23,2017.1725,1880.25375,1061,1151.64625,2482.5,1611.25,33.91,51.71
278.9,852.0075,623.9925,1586.25,1603.34,2017.1725,1880.25375,1061,1151.43625,2482.5,1611.25,33.93,51.75
279.0,852.11875,623.9925,1586.125,1603.23,2017.1725,1880.25375,1061,1151.43625,2482.5,1611.25,33.91,51.76
279.1,852.11875,623.9925,1586.125,1603.34,2017.1725,1880.25375,1061,1151.43625,2482.375,1611.25,33.91,51.76
279.2,852.11875,623.9925,1586.125,1603.34,2017.235,1880.25375,1061,1151.43625,2482.375,1611.125,33.9,51.75
279.3,852.11875,624.1175,1586.125,1603.34,2017.1725,1880.32125,1061,1151.43625,2482.375,1611.125,33.93,51.78
279.4,852.11875,624.1175,1586.125,1603.34,2017.235,1880.32125,1061.125,1151.225,2482.375,1611,33.9,51.73
279.5,852.11875,624.1175,1586.125,1603.34,2017.235,1880.32125,1061,1151.225,2482.375,1611,33.94,51.78
279.6,852.11875,624.1175,1586.25,1603.45,2017.1725,1880.32125,1061,1151.225,2482.375,1611,33.91,51.75
279.7,852.11875,624.2425,1586.125,1603.34,2017.235,1880.32125,1061,1151.225,2482.25,1610.875,33.91,51.74
279.8,852.11875,624.2425,1586.125,1603.45,2017.235,1880.32125,1061.125,1151.01375,2482.25,1610.75,33.93,51.74
279.9,852.11875,624.2425,1586.25,1603.45,2017.235,1880.32125,1061.125,1151.01375,2482.25,1610.75,33.94,51.74
280.0,852.11875,624.3675,1586.25,1603.45,2017.235,1880.32125,1061.125,1151.225,2482.25,1610.625,33.9,51.73
280.1,852.11875,624.3675,1586.125,1603.45,2017.235,1880.32125,1061.125,1151.01375,2482.125,1610.625,33.88,51.74
280.2,852.11875,624.3675,1586.125,1603.45,2017.235,1880.38875,1061.125,1151.01375,2482.25,1610.625,33.91,51.72
280.3,852.11875,624.3675,1586.125,1603.45,2017.235,1880.32125,1061,1151.01375,2482.125,1610.5,33.93,51.74
280.4,852.11875,624.4925,1586.125,1603.45,2017.235,1880.32125,1061.125,1151.01375,2482.125,1610.625,33.93,51.78
280.5,852.11875,624.4925,1586.125,1603.45,2017.235,1880.38875,1061.125,1150.8025,2482.125,1610.5,33.94,51.74
280.6,852.23,624.4925,1586.125,1603.56,2017.29875,1880.38875,1061.25,1150.8025,2482.125,1610.5,33.93,51.77
280.7,852.23,624.4925,1586.125,1603.56,2017.29875,1880.38875,1061.25,1150.8025,2482.125,1610.375,33.94,51.77
280.8,852.23,624.6175,1586.125,1603.56,2017.29875,1880.38875,1061.125,1150.5925,2482,1610.375,33.91,51.75
280.9,852.23,624.6175,1586.25,1603.56,2017.29875,1880.38875,1061.25,1150.5925,2482.125,1610.375,33.91,51.78
281.0,852.3425,624.6175,1586.25,1603.56,2017.29875,1880.38875,1061.25,1150.5925,2482,1610.375,33.94,51.75
281.1,852.3425,624.7425,1586.125,1603.56,2017.29875,1880.38875,1061.25,1150.5925,2482,1610.375,33.9,51.73
281.2,852.3425,624.7425,1586.125,1603.66875,2017.29875,1880.38875,1061.25,1150.5925,2481.875,1610.375,33.93,51.79
281.3,852.3425,624.8675,1586.125,1603.56,2017.29875,1880.38875,1061.25,1150.38125,2482,1610.25,33.91,51.71
281.4,852.3425,624.8675,1586.25,1603.66875,2017.29875,1880.38875,1061.25,1150.38125,2481.875,1610.25,33.91,51.76
281.5,852.3425,624.8675,1586.25,1603.66875,2017.29875,1880.38875,1061.25,1150.38125,2481.875,1610.25,33.93,51.77
281.6,852.3425,624.8675,1586.125,1603.66875,2017.29875,1880.38875,1061.25,1150.38125,2481.875,1610.25,33.9,51.72
281.7,852.3425,624.8675,1586.125,1603.66875,2017.29875,1880.38875,1061.375,1150.17,2481.875,1610.125,33.94,51.77
281.8,852.3425,624.9925,1586.25,1603.66875,2017.29875,1880.38875,1061.375,1150.17,2481.875,1610.125,33.91,51.75
281.9,852.3425,624.9925,1586.125,1603.66875,2017.29875,1880.38875,1061.375,1150.17,2481.875,1610.125,33.93,51.74
282.0,852.3425,624.9925,1586.125,1603.77875,2017.36125,1880.38875,1061.375,1150.17,2481.875,1610.125,33.95,51.76
282.1,852.3425,625.1175,1586.25,1603.77875,2017.36125,1880.38875,1061.375,1150.17,2481.75,1610,33.93,51.75
282.2,852.45375,625.1175,1586.125,1603.77875,2017.36125,1880.38875,1061.375,1149.95875,2481.75,1610,33.94,51.77
282.3,852.45375,625.1175,1586.125,1603.77875,2017.29875,1880.38875,1061.25,1149.95875,2481.75,1609.875,33.93,51.79
282.4,852.45375,625.1175,1586.125,1603.77875,2017.29875,1880.32125,1061.375,1149.95875,2481.75,1610,33.91,51.72
282.5,852.45375,625.1175,1586.25,1603.77875,2017.36125,1880.38875,1061.375,1149.95875,2481.75,1609.875,33.91,51.78
282.6,852.45375,625.2425,1586.25,1603.77875,2017.29875,1880.38875,1061.375,1149.74875,2481.75,1609.875,33.9,51.75
282.7,852.45375,625.2425,1586.25,1603.77875,2017.36125,1880.38875,1061.375,1149.74875,2481.625,1609.875,33.91,51.74
282.8,852.45375,625.2425,1586.25,1603.77875,2017.36125,1880.38875,1061.375,1149.74875,2481.625,1609.75,33.91,51.78
282.9,852.45375,625.2425,1586.25,1603.88875,2017.29875,1880.38875,1061.5,1149.74875,2481.625,1609.75,33.93,51.78
283.0,852.45375,625.2425,1586.25,1603.88875,2017.36125,1880.38875,1061.5,1149.5375,2481.75,1609.75,33.93,51.77
283.1,852.45375,625.2425,1586.25,1603.77875,2017.29875,1880.38875,1061.5,1149.5375,2481.625,1609.75,33.94,51.73
283.2,852.45375,625.2425,1586.125,1603.88875,2017.36125,1880.38875,1061.375,1149.5375,2481.625,1609.625,33.93,51.75
283.3,852.45375,625.2425,1586.25,1603.88875,2017.36125,1880.38875,1061.5,1149.5375,2481.625,1609.625,33.91,51.76
283.4,852.565,625.2425,1586.25,1603.88875,2017.29875,1880.38875,1061.5,1149.5375,2481.625,1609.625,33.93,51.74
283.5,852.565,625.2425,1586.125,1603.88875,2017.36125,1880.38875,1061.5,1149.32625,2481.625,1609.625,33.93,51.74
283.6,852.565,625.2425,1586.25,1603.88875,2017.36125,1880.38875,1061.5,1149.32625,2481.625,1609.5,33.91,51.71
283.7,852.565,625.2425,1586.25,1603.88875,2017.29875,1880.38875,1061.5,1149.32625,2481.625,1609.625,33.91,51.74
283.8,852.565,625.1175,1586.125,1603.88875,2017.36125,1880.38875,1061.5,1149.32625,2481.625,1609.375,33.94,51.74
283.9,852.565,625.1175,1586.125,1603.88875,2017.36125,1880.38875,1061.5,1149.32625,2481.625,1609.375,33.9,51.75
284.0,852.565,625.1175,1586.25,1603.88875,2017.29875,1880.38875,1061.5,1149.32625,2481.625,1609.375,33.93,51.77
284.1,852.565,625.1175,1586.125,1603.88875,2017.36125,1880.38875,1061.5,1149.115,2481.625,1609.375,33.91,51.75
284.2,852.565,624.9925,1586.125,1603.99875,2017.29875,1880.32125,1061.5,1149.115,2481.5,1609.375,33.95,51.74
284.3,852.565,624.9925,1586.125,1603.99875,2017.29875,1880.38875,1061.5,1149.115,2481.375,1609.25,33.91,51.71
284.4,852.565,624.9925,1586.25,1603.88875,2017.29875,1880.38875,1061.625,1148.905,2481.375,1609.25,33.91,51.74
284.5,852.565,624.9925,1586.125,1603.99875,2017.29875,1880.38875,1061.5,1148.905,2481.5,1609.25,33.93,51.73
284.6,852.565,624.9925,1586.125,1603.99875,2017.29875,1880.38875,1061.625,1148.905,2481.375,1609.25,33.93,51.73
284.7,852.565,624.8675,1586.25,1603.88875,2017.29875,1880.38875,1061.625,1148.905,2481.375,1609.25,33.94,51.73
284.8,852.565,624.8675,1586.125,1603.99875,2017.29875,1880.38875,1061.625,1148.905,2481.375,1609.125,33.91,51.76
284.9,852.67625,624.8675,1586.125,1603.99875,2017.29875,1880.38875,1061.625,1148.69375,2481.375,1609.125,33.94,51.75
285.0,852.565,624.8675,1586.25,1603.99875,2017.29875,1880.32125,1061.625,1148.69375,2481.25,1609.125,33.93,51.74
285.1,852.67625,624.7425,1586.25,1603.99875,2017.29875,1880.38875,1061.625,1148.69375,2481.25,1609,33.93,51.73
285.2,852.67625,624.7425,1586.25,1603.99875,2017.29875,1880.32125,1061.625,1148.4825,2481.25,1609,33.91,51.74
285.3,852.67625,624.7425,1586.25,1603.99875,2017.29875,1880.32125,1061.625,1148.4825,2481.25,1609,33.93,51.73
285.4,852.67625,624.6175,1586.25,1603.99875,2017.29875,1880.32125,1061.625,1148.4825,2481.125,1608.875,33.94,51.74
285.5,852.67625,624.7425,1586.25,1603.99875,2017.29875,1880.25375,1061.625,1148.4825,2481.125,1609,33.93,51.75
285.6,852.67625,624.7425,1586.125,1603.99875,2017.29875,1880.25375,1061.75,1148.27125,2481,1608.875,33.94,51.71
285.7,852.67625,624.7425,1586.125,1603.99875,2017.29875,1880.25375,1061.625,1148.27125,2481,1608.875,33.91,51.75
285.8,852.67625,624.7425,1586.25,1603.88875,2017.29875,1880.25375,1061.75,1148.06125,2481,1608.875,33.91,51.76
285.9,852.67625,624.6175,1586.125,1603.88875,2017.29875,1880.18625,1061.75,1148.06125,2481,1608.75,33.93,51.7
286.0,852.67625,624.6175,1586.25,1603.88875,2017.29875,1880.25375,1061.625,1147.85,2480.875,1608.625,33.93,51.75
286.1,852.78875,624.6175,1586.125,1603.88875,2017.29875,1880.18625,1061.625,1147.85,2480.875,1608.625,33.93,51.74
286.2,852.67625,624.4925,1586.25,1603.88875,2017.29875,1880.18625,1061.625,1147.85,2480.75,1608.5,33.93,51.73
286.3,852.78875,624.4925,1586.125,1603.88875,2017.29875,1880.18625,1061.75,1147.85,2480.875,1608.375,33.93,51.74
286.4,852.78875,624.4925,1586.125,1603.88875,2017.235,1880.18625,1061.75,1147.63875,2480.75,1608.375,33.93,51.74
286.5,852.67625,624.4925,1586.125,1603.88875,2017.235,1880.18625,1061.625,1147.4275,2480.75,1608.375,33.93,51.73
286.6,852.78875,624.4925,1586.125,1603.88875,2017.235,1880.18625,1061.75,1147.4275,2480.75,1608.375,33.94,51.73
286.7,852.67625,624.4925,1586.125,1603.88875,2017.235,1880.11875,1061.625,1147.4275,2480.625,1608.25,33.94,51.73
286.8,852.78875,624.4925,1586.125,1603.88875,2017.235,1880.11875,1061.75,1147.21625,2480.625,1608.25,33.93,51.77
286.9,852.78875,624.4925,1586.25,1603.88875,2017.235,1880.11875,1061.625,1147.21625,2480.625,1608.125,33.94,51.71
287.0,852.78875,624.4925,1586.125,1603.88875,2017.235,1880.11875,1061.75,1147.21625,2480.625,1608,33.94,51.7
287.1,852.78875,624.4925,1586.125,1603.88875,2017.235,1880.11875,1061.75,1147.00625,2480.625,1608,33.91,51.78
287.2,852.78875,624.4925,1586.125,1603.88875,2017.235,1880.11875,1061.75,1147.00625,2480.5,1608,33.91,51.75
287.3,852.78875,624.4925,1586.25,1603.88875,2017.235,1880.11875,1061.75,1147.00625,2480.5,1607.875,33.91,51.75
287.4,852.78875,624.3675,1586.25,1603.88875,2017.235,1880.0525,1061.875,1146.795,2480.5,1607.875,33.94,51.75
287.5,852.9,624.3675,1586.25,1603.88875,2017.235,1880.0525,1061.875,1146.795,2480.5,1607.875,33.93,51.75
287.6,852.78875,624.3675,1586.25,1603.77875,2017.235,1880.0525,1061.75,1146.795,2480.375,1607.875,33.91,51.72
287.7,852.78875,624.3675,1586.25,1603.88875,2017.235,1880.0525,1061.75,1146.795,2480.375,1607.75,33.95,51.74
287.8,852.78875,624.3675,1586.125,1603.88875,2017.235,1880.0525,1061.875,1146.58375,2480.375,1607.625,33.9,51.69
287.9,852.78875,624.2425,1586.125,1603.88875,2017.235,1880.0525,1061.75,1146.58375,2480.25,1607.625,33.91,51.76
288.0,852.9,624.3675,1586.25,1603.88875,2017.1725,1880.0525,1061.75,1146.3725,2480.25,1607.5,33.93,51.7
288.1,852.78875,624.2425,1586.125,1603.77875,2017.1725,1880.0525,1061.875,1146.3725,2480.25,1607.5,33.91,51.7
288.2,852.9,624.2425,1586.25,1603.77875,2017.1725,1879.985,1061.875,1146.3725,2480.125,1607.5,33.93,51.7
288.3,852.78875,624.2425,1586.125,1603.77875,2017.1725,1879.985,1061.875,1146.1625,2480.125,1607.375,33.93,51.77
288.4,852.78875,624.1175,1586.125,1603.77875,2017.1725,1879.985,1061.875,1146.1625,2480.125,1607.375,33.95,51.74
288.5,852.78875,624.1175,1586.25,1603.77875,2017.1725,1879.9175,1061.875,1145.95125,2480.125,1607.375,33.94,51.74
288.6,852.78875,624.1175,1586.125,1603.77875,2017.1725,1879.9175,1061.75,1145.95125,2480.125,1607.375,33.93,51.71
288.7,852.78875,623.9925,1586.125,1603.77875,2017.11,1879.9175,1061.875,1145.74,2480.125,1607.25,33.91,51.69
288.8,852.78875,623.9925,1586.25,1603.77875,2017.11,1879.85,1061.75,1145.74,2480,1607.25,33.93,51.71
288.9,852.78875,623.9925,1586.125,1603.66875,2017.11,1879.9175,1061.75,1145.74,2480,1607.25,33.94,51.7
289.0,852.78875,623.86875,1586.25,1603.77875,2017.11,1879.85,1061.875,1145.52875,2479.875,1607.125,33.94,51.73
289.1,852.78875,623.74375,1586.125,1603.66875,2017.11,1879.85,1061.75,1145.52875,2479.875,1607.125,33.95,51.73
289.2,852.78875,623.74375,1586.25,1603.66875,2017.11,1879.85,1061.875,1145.52875,2479.875,1607,33.93,51.71
289.3,852.67625,623.74375,1586.25,1603.66875,2017.04625,1879.7825,1061.875,1145.31875,2479.875,1607,33.93,51.7
289.4,852.78875,623.61875,1586.125,1603.66875,2017.04625,1879.7825,1061.75,1145.31875,2479.75,1607,33.91,51.71
289.5,852.78875,623.61875,1586.125,1603.56,2016.98375,1879.7825,1061.875,1145.1075,2479.75,1606.875,33.94,51.74
289.6,852.78875,623.61875,1586.125,1603.56,2016.98375,1879.715,1061.875,1145.1075,2479.75,1606.875,33.93,51.71
289.7,852.78875,623.49375,1586.125,1603.56,2016.98375,1879.715,1061.75,1145.1075,2479.75,1606.875,33.91,51.7
289.8,852.67625,623.49375,1586.25,1603.56,2016.98375,1879.715,1061.875,1144.89625,2479.625,1606.875,33.91,51.67
289.9,852.67625,623.36875,1586.125,1603.56,2016.92125,1879.6475,1061.875,1144.685,2479.625,1606.75,33.95,51.7
290.0,852.67625,623.36875,1586.25,1603.56,2016.92125,1879.6475,1061.75,1144.685,2479.625,1606.75,33.93,51.71
290.1,852.67625,623.24375,1586.125,1603.45,2016.92125,1879.6475,1061.875,1144.685,2479.5,1606.75,33.93,51.71
290.2,852.67625,623.24375,1586.25,1603.45,2016.92125,1879.58,1061.75,1144.685,2479.5,1606.625,33.94,51.68
290.3,852.67625,623.24375,1586.125,1603.45,2016.92125,1879.6475,1061.75,1144.475,2479.5,1606.625,33.9,51.66
290.4,852.67625,623.11875,1586.125,1603.45,2016.8575,1879.58,1061.875,1144.26375,2479.5,1606.5,33.93,51.69
290.5,852.67625,622.99375,1586.125,1603.45,2016.8575,1879.58,1061.875,1144.26375,2479.375,1606.5,33.94,51.68
290.6,852.67625,622.99375,1586.125,1603.34,2016.8575,1879.58,1061.875,1144.26375,2479.375,1606.5,33.94,51.66
290.7,852.565,622.99375,1586.125,1603.34,2016.8575,1879.51375,1061.875,1144.0525,2479.375,1606.375,33.93,51.67
290.8,852.565,622.86875,1586.125,1603.34,2016.8575,1879.51375,1061.875,1144.0525,2479.25,1606.25,33.93,51.65
290.9,852.565,622.86875,1586.125,1603.23,2016.795,1879.51375,1061.875,1143.84125,2479.25,1606.25,33.93,51.65
291.0,852.565,622.86875,1586.125,1603.34,2016.795,1879.44625,1061.875,1143.84125,2479.25,1606.25,33.93,51.67
291.1,852.565,622.86875,1586.125,1603.23,2016.795,1879.44625,1061.875,1143.63125,2479.25,1606.125,33.91,51.67
291.2,852.565,622.74375,1586.125,1603.23,2016.795,1879.44625,1061.875,1143.63125,2479.25,1606.125,33.93,51.66
291.3,852.565,622.74375,1586.125,1603.23,2016.7325,1879.44625,1061.75,1143.42,2479.125,1606.125,33.93,51.67
291.4,852.565,622.61875,1586.125,1603.23,2016.7325,1879.37875,1061.875,1143.42,2479.125,1606,33.93,51.65
291.5,852.45375,622.61875,1586.125,1603.23,2016.7325,1879.37875,1061.875,1143.20875,2479.125,1606,33.91,51.7
291.6,852.45375,622.49375,1586.125,1603.12125,2016.7325,1879.37875,1061.875,1143.20875,2479.125,1606,33.93,51.67
291.7,852.45375,622.49375,1586.125,1603.12125,2016.66875,1879.31125,1061.875,1142.9975,2479.125,1605.875,33.94,51.7
291.8,852.45375,622.49375,1586.125,1603.12125,2016.66875,1879.31125,1061.75,1142.9975,2479,1605.875,33.94,51.66
291.9,852.45375,622.36875,1586.125,1603.12125,2016.66875,1879.31125,1061.875,1142.78625,2479,1605.75,33.93,51.65
292.0,852.45375,622.36875,1586.125,1603.12125,2016.66875,1879.31125,1061.875,1142.78625,2479,1605.75,33.93,51.69
292.1,852.45375,622.24375,1586.125,1603.01125,2016.60625,1879.31125,1061.75,1142.57625,2479,1605.625,33.93,51.67
292.2,852.45375,622.24375,1586.125,1603.01125,2016.60625,1879.24375,1061.875,1142.57625,2478.875,1605.625,33.94,51.69
292.3,852.3425,622.11875,1586.125,1602.90125,2016.60625,1879.24375,1061.875,1142.57625,2478.875,1605.625,33.93,51.65
292.4,852.3425,622.11875,1586.125,1602.90125,2016.60625,1879.24375,1061.875,1142.15375,2478.875,1605.5,33.93,51.66
292.5,852.3425,621.99375,1586.125,1602.90125,2016.54375,1879.31125,1061.75,1142.15375,2478.875,1605.5,33.93,51.65
292.6,852.23,621.86875,1586.125,1602.7925,2016.54375,1879.24375,1061.875,1141.9425,2478.875,1605.375,33.94,51.64
292.7,852.23,621.86875,1586.125,1602.7925,2016.54375,1879.24375,1061.875,1141.9425,2478.875,1605.375,33.91,51.66
292.8,852.23,621.74375,1586.125,1602.7925,2016.54375,1879.17625,1061.875,1141.9425,2478.75,1605.375,33.93,51.73
292.9,852.23,621.61875,1586.125,1602.7925,2016.48,1879.24375,1061.875,1141.7325,2478.875,1605.375,33.94,51.66
293.0,852.23,621.61875,1586.125,1602.6825,2016.48,1879.17625,1061.875,1141.52125,2478.75,1605.25,33.93,51.67
293.1,852.23,621.49375,1586.125,1602.6825,2016.4175,1879.17625,1061.875,1141.52125,2478.75,1605.25,33.93,51.64
293.2,852.23,621.36875,1586.125,1602.5725,2016.4175,1879.17625,1061.875,1141.31,2478.75,1605.25,33.91,51.63
293.3,852.11875,621.24375,1586.125,1602.5725,2016.4175,1879.17625,1061.875,1141.09875,2478.875,1605.25,33.93,51.69
293.4,852.11875,621.11875,1586.125,1602.5725,2016.4175,1879.17625,1061.875,1141.09875,2478.75,1605.25,33.93,51.67
293.5,852.11875,620.99375,1586.125,1602.4625,2016.4175,1879.17625,1061.875,1140.88875,2478.75,1605.25,33.93,51.62
293.6,852.11875,620.86875,1586.125,1602.4625,2016.35375,1879.17625,1061.875,1140.88875,2478.75,1605.125,33.93,51.65
293.7,852.0075,620.74375,1586,1602.4625,2016.35375,1879.17625,1061.875,1140.6775,2478.75,1605.125,33.91,51.64
293.8,852.0075,620.74375,1586,1602.4625,2016.35375,1879.17625,1061.875,1140.46625,2478.75,1605,33.91,51.61
293.9,852.0075,620.49375,1586,1602.35375,2016.29125,1879.17625,1061.875,1140.255,2478.75,1605,33.93,51.67
294.0,852.0075,620.36875,1586,1602.35375,2016.29125,1879.17625,1062,1140.255,2478.75,1605,33.93,51.67
294.1,851.89625,620.36875,1586,1602.24375,2016.29125,1879.17625,1061.875,1140.045,2478.625,1605,33.93,51.64
294.2,851.89625,620.24375,1586,1602.24375,2016.29125,1879.17625,1062,1140.045,2478.75,1605,33.91,51.61
294.3,851.89625,619.99375,1586,1602.24375,2016.22875,1879.17625,1061.875,1139.83375,2478.625,1604.875,33.93,51.66
294.4,851.89625,619.86875,1586,1602.13375,2016.22875,1879.17625,1061.875,1139.6225,2478.625,1604.875,33.93,51.64
294.5,851.78375,619.74375,1586,1602.13375,2016.22875,1879.17625,1061.875,1139.6225,2478.625,1604.875,33.9,51.67
294.6,851.78375,619.61875,1586,1602.02375,2016.22875,1879.17625,1062,1139.41125,2478.625,1604.875,33.94,51.64
294.7,851.78375,619.49375,1586,1602.02375,2016.22875,1879.17625,1061.875,1139.20125,2478.625,1604.875,33.93,51.66
294.8,851.78375,619.36875,1586,1602.02375,2016.16625,1879.17625,1062,1139.20125,2478.625,1604.875,33.93,51.58
294.9,851.6725,619.24375,1586,1601.915,2016.16625,1879.24375,1061.875,1138.99,2478.625,1604.875,33.91,51.62
295.0,851.6725,619.11875,1586,1601.915,2016.16625,1879.17625,1061.875,1138.77875,2478.625,1604.75,33.93,51.65
295.1,851.6725,618.99375,1586,1601.915,2016.16625,1879.17625,1062,1138.77875,2478.625,1604.75,33.93,51.66
295.2,851.56125,618.86875,1586,1601.805,2016.1025,1879.24375,1062,1138.5675,2478.625,1604.75,33.93,51.67
295.3,851.56125,618.86875,1586.125,1601.805,2016.1025,1879.24375,1061.875,1138.3575,2478.625,1604.75,33.93,51.65
295.4,851.56125,618.61875,1586.125,1601.695,2016.1025,1879.24375,1062,1138.3575,2478.625,1604.75,33.9,51.64
295.5,851.45,618.61875,1586,1601.695,2016.1025,1879.24375,1062,1138.14625,2478.625,1604.75,33.93,51.67
295.6,851.45,618.49375,1586,1601.695,2016.1025,1879.24375,1062,1138.14625,2478.625,1604.75,33.94,51.66
295.7,851.45,618.36875,1586,1601.695,2016.04,1879.24375,1062,1137.935,2478.5,1604.625,33.91,51.61
295.8,851.45,618.24375,1586,1601.58625,2016.04,1879.31125,1062,1137.72375,2478.625,1604.625,33.94,51.61
295.9,851.45,618.11875,1586,1601.58625,2016.1025,1879.31125,1062.125,1137.51375,2478.5,1604.625,33.93,51.66
296.0,851.3375,618.11875,1586,1601.58625,2016.04,1879.31125,1062.125,1137.51375,2478.625,1604.625,33.93,51.66
296.1,851.3375,617.99375,1586,1601.47625,2016.04,1879.31125,1062.125,1137.3025,2478.625,1604.625,33.91,51.64
296.2,851.3375,617.86875,1586,1601.47625,2016.04,1879.31125,1062.125,1137.3025,2478.625,1604.625,33.91,51.64
296.3,851.22625,617.86875,1586,1601.47625,2016.04,1879.37875,1062.125,1137.09125,2478.625,1604.625,33.93,51.67
296.4,851.22625,617.74375,1586,1601.47625,2016.04,1879.37875,1062,1137.09125,2478.625,1604.625,33.93,51.67
296.5,851.115,617.61875,1586.125,1601.47625,2016.04,1879.37875,1062.125,1136.88,2478.75,1604.625,33.9,51.68
296.6,851.115,617.61875,1586,1601.47625,2016.04,1879.44625,1062.125,1136.88,2478.75,1604.625,33.94,51.66
296.7,851.115,617.61875,1586.125,1601.47625,2016.1025,1879.51375,1062.125,1136.67,2478.75,1604.625,33.94,51.69
296.8,851.115,617.49375,1586,1601.47625,2016.1025,1879.44625,1062.125,1136.67,2478.75,1604.625,33.93,51.67
296.9,851.115,617.36875,1586.125,1601.47625,2016.1025,1879.51375,1062.125,1136.45875,2478.75,1604.625,33.91,51.67
297.0,851.00375,617.36875,1586.125,1601.47625,2016.1025,1879.51375,1062.25,1136.45875,2478.875,1604.625,33.93,51.69
297.1,851.00375,617.36875,1586.125,1601.36625,2016.1025,1879.58,1062.25,1136.2475,2478.75,1604.625,33.94,51.66
297.2,851.00375,617.36875,1586.125,1601.47625,2016.16625,1879.58,1062.125,1136.2475,2478.75,1604.625,33.93,51.67
297.3,851.00375,617.24375,1586.125,1601.47625,2016.16625,1879.6475,1062.25,1136.2475,2478.75,1604.625,33.93,51.69
297.4,851.00375,617.24375,1586.125,1601.47625,2016.16625,1879.6475,1062.25,1136.2475,2478.75,1604.5,33.93,51.67
297.5,851.00375,617.24375,1586.125,1601.47625,2016.16625,1879.715,1062.25,1136.03625,2478.75,1604.625,33.93,51.66
297.6,851.00375,617.24375,1586.125,1601.47625,2016.22875,1879.715,1062.25,1136.03625,2478.75,1604.625,33.94,51.69
297.7,851.00375,617.11875,1586.125,1601.47625,2016.22875,1879.715,1062.375,1135.615,2478.75,1604.5,33.91,51.7
297.8,851.00375,617.11875,1586.125,1601.47625,2016.22875,1879.7825,1062.375,1135.615,2478.75,1604.5,33.93,51.67
297.9,850.89125,617.11875,1586.125,1601.36625,2016.22875,1879.715,1062.25,1135.40375,2478.75,1604.5,33.93,51.67
298.0,851.00375,617.11875,1586.125,1601.47625,2016.22875,1879.7825,1062.375,1135.40375,2478.75,1604.375,33.93,51.73
298.1,851.00375,617.11875,1586.125,1601.47625,2016.29125,1879.7825,1062.375,1135.40375,2478.625,1604.375,33.91,51.71
298.2,851.00375,617.11875,1586.25,1601.36625,2016.29125,1879.85,1062.375,1135.1925,2478.625,1604.375,33.91,51.7
298.3,850.89125,616.99375,1586.25,1601.36625,2016.29125,1879.85,1062.5,1135.1925,2478.625,1604.375,33.93,51.69
298.4,851.00375,616.99375,1586.25,1601.47625,2016.29125,1879.85,1062.375,1135.1925,2478.625,1604.25,33.95,51.7
298.5,850.89125,617.11875,1586.25,1601.36625,2016.29125,1879.85,1062.5,1134.9825,2478.625,1604.25,33.93,51.74
298.6,850.89125,616.99375,1586.25,1601.36625,2016.29125,1879.85,1062.5,1134.9825,2478.625,1604.25,33.93,51.7
298.7,851.00375,617.11875,1586.25,1601.47625,2016.29125,1879.9175,1062.5,1134.9825,2478.625,1604.25,33.93,51.73
298.8,850.89125,616.99375,1586.25,1601.36625,2016.29125,1879.85,1062.5,1134.77125,2478.625,1604.25,33.9,51.71
298.9,851.00375,616.99375,1586.25,1601.36625,2016.35375,1879.9175,1062.5,1134.77125,2478.625,1604.125,33.93,51.7
299.0,850.89125,617.11875,1586.25,1601.36625,2016.35375,1879.9175,1062.5,1134.56,2478.625,1604.25,33.93,51.7
299.1,850.89125,616.99375,1586.25,1601.47625,2016.35375,1879.9175,1062.5,1134.56,2478.625,1604.25,33.91,51.69
299.2,850.89125,616.99375,1586.25,1601.36625,2016.35375,1879.9175,1062.5,1134.34875,2478.625,1604.125,33.91,51.66
299.3,850.89125,617.11875,1586.25,1601.36625,2016.4175,1879.9175,1062.5,1134.34875,2478.625,1604.125,33.91,51.67
299.4,850.89125,616.99375,1586.25,1601.47625,2016.35375,1879.9175,1062.5,1134.34875,2478.625,1604.125,33.9,51.72
299.5,850.89125,616.99375,1586.25,1601.36625,2016.4175,1879.9175,1062.625,1134.34875,2478.625,1604.125,33.94,51.68
299.6,850.89125,617.11875,1586.375,1601.36625,2016.4175,1879.9175,1062.625,1134.1375,2478.625,1604,33.91,51.71
299.7,850.89125,616.99375,1586.25,1601.36625,2016.4175,1879.9175,1062.625,1134.34875,2478.625,1604,33.93,51.71
299.8,850.89125,616.99375,1586.25,1601.36625,2016.4175,1879.985,1062.625,1134.1375,2478.625,1604,33.91,51.71
299.9,850.78,616.99375,1586.25,1601.36625,2016.4175,1879.985,1062.625,1134.1375,2478.625,1603.875,33.93,51.77
300.0,850.78,616.99375,1586.25,1601.36625,2016.4175,1879.985,1062.625,1133.9275,2478.625,1603.75,33.91,51.69
